0 1 
3 0 
1 4 
4 5 
8 3 
5 10 
10 11 
17 8 
18 19 
19 9 
9 21 
11 22 
22 23 
31 17 
32 18 
21 36 
23 38 
38 37 
50 31 
51 52 
52 32 
54 32 
36 58 
59 51 
37 60 
60 61 
61 62 
62 63 
63 59 
66 38 
77 50 
81 54 
58 85 
92 66 
102 77 
107 81 
85 111 
118 92 
128 102 
133 107 
111 137 
143 118 
153 128 
159 133 
137 163 
169 143 
179 153 
185 159 
163 189 
194 169 
204 179 
211 185 
189 215 
220 194 
230 204 
237 211 
215 241 
246 220 
256 230 
263 237 
241 267 
272 246 
282 256 
289 263 
267 293 
298 272 
308 282 
315 289 
293 319 
324 298 
334 308 
341 315 
319 345 
350 324 
360 334 
367 341 
345 371 
376 350 
386 360 
393 367 
371 397 
402 376 
412 386 
419 393 
397 423 
428 402 
438 412 
445 419 
423 449 
454 428 
464 438 
471 445 
449 475 
480 454 
490 464 
497 471 
475 501 
506 480 
516 490 
523 497 
501 527 
532 506 
542 516 
549 523 
527 553 
558 532 
568 542 
575 549 
553 579 
584 558 
594 568 
601 575 
579 605 
610 584 
620 594 
627 601 
605 631 
636 610 
646 620 
653 627 
631 657 
662 636 
672 646 
679 653 
657 683 
688 662 
698 672 
705 679 
683 709 
714 688 
724 698 
731 705 
709 735 
740 714 
750 724 
757 731 
735 761 
766 740 
776 750 
783 757 
761 787 
792 766 
802 776 
809 783 
787 813 
818 792 
828 802 
835 809 
813 839 
844 818 
854 828 
861 835 
839 865 
870 844 
880 854 
887 861 
865 891 
896 870 
906 880 
913 887 
891 917 
922 896 
932 906 
939 913 
917 943 
948 922 
958 932 
965 939 
943 969 
974 948 
984 958 
991 965 
969 995 
1000 974 
1010 984 
1017 991 
995 1021 
1026 1000 
1036 1010 
1043 1017 
1021 1047 
1052 1026 
1062 1036 
1069 1043 
1047 1073 
1078 1052 
1088 1062 
1095 1069 
1073 1099 
1104 1078 
1114 1088 
1121 1095 
1099 1125 
1130 1104 
1140 1114 
1147 1121 
1125 1151 
1156 1130 
1166 1140 
1173 1147 
1151 1177 
1182 1156 
1192 1166 
1199 1173 
1177 1203 
1208 1182 
1218 1192 
1225 1199 
1203 1229 
1234 1208 
1244 1218 
1251 1225 
1229 1253 
1260 1234 
1270 1244 
1277 1251 
1253 1279 
1286 1260 
1296 1270 
1303 1277 
1279 1305 
1312 1286 
1322 1296 
1329 1303 
1305 1331 
1338 1312 
1348 1322 
1355 1329 
1331 1357 
1364 1338 
1374 1348 
1381 1355 
1357 1383 
1390 1364 
1400 1374 
1407 1381 
1383 1409 
1416 1390 
1426 1400 
1433 1407 
1409 1435 
1442 1416 
1452 1426 
1459 1433 
1435 1461 
1468 1442 
1478 1452 
1485 1459 
1461 1487 
1494 1468 
1504 1478 
1511 1485 
1487 1513 
1520 1494 
1530 1504 
1537 1511 
1513 1539 
1546 1520 
1556 1530 
1563 1537 
1539 1564 
1572 1546 
1582 1556 
1589 1563 
1564 1590 
1598 1572 
1608 1582 
1615 1589 
1590 1616 
1624 1598 
1634 1608 
1641 1615 
1616 1642 
1650 1624 
1660 1634 
1642 1661 
1668 1641 
1676 1650 
1686 1660 
1661 1688 
1695 1668 
1702 1676 
1712 1686 
1688 1715 
1722 1695 
1728 1702 
1738 1712 
1715 1742 
1749 1722 
1754 1728 
1764 1738 
1765 1749 
1742 1769 
1780 1754 
1790 1764 
1792 1765 
1769 1796 
1806 1780 
1816 1790 
1819 1792 
1796 1823 
1832 1806 
1842 1816 
1846 1819 
1823 1850 
1858 1832 
1868 1842 
1873 1846 
1850 1877 
1884 1858 
1894 1868 
1900 1873 
1877 1904 
1910 1884 
1920 1894 
1926 1900 
1904 1930 
1936 1910 
1946 1920 
1952 1926 
1930 1956 
1962 1936 
1972 1946 
1978 1952 
1956 1982 
1989 1962 
1999 1972 
2005 1978 
1982 2009 
2016 1989 
2026 1999 
2032 2005 
2009 2036 
2039 2040 
2045 2016 
2055 2026 
2061 2032 
2036 2065 
2040 2068 
2069 2039 
2070 2069 
2071 2070 
2072 2071 
2073 2072 
2068 2074 
2074 2076 
2076 2075 
2081 2045 
2091 2055 
2097 2061 
2065 2098 
2068 2104 
2104 2106 
2106 2107 
2107 2108 
2075 2109 
2109 2110 
2110 2111 
2112 2073 
2113 2112 
2111 2114 
2114 2115 
2074 2117 
2126 2081 
2136 2091 
2098 2137 
2143 2097 
2108 2149 
2149 2150 
2117 2152 
2159 2113 
2160 2159 
2161 2160 
2162 2161 
2163 2162 
2115 2164 
2164 2165 
2116 2168 
2168 2169 
2169 2170 
2171 2163 
2172 2171 
2170 2173 
2174 2172 
2173 2174 
2176 2116 
2175 2177 
2178 2176 
2188 2126 
2198 2136 
2150 2199 
2137 2200 
2207 2143 
2152 2214 
2214 2216 
2216 2217 
2217 2218 
2165 2222 
2222 2223 
2223 2224 
2224 2225 
2225 2226 
2231 2175 
2232 2231 
2233 2232 
2226 2234 
2234 2235 
2235 2236 
2236 2233 
2239 2178 
2177 2240 
2240 2242 
2243 2239 
2244 2243 
2245 2244 
2255 2188 
2265 2198 
2199 2267 
2267 2268 
2200 2269 
2277 2207 
2281 2245 
2269 2283 
2218 2284 
2284 2285 
2242 2312 
2242 2313 
2312 2315 
2315 2316 
2245 2316 
2328 2255 
2338 2265 
2285 2339 
2268 2341 
2350 2277 
2353 2281 
2283 2356 
2313 2382 
2391 2316 
2404 2328 
2414 2338 
2341 2415 
2339 2417 
2341 2418 
2417 2418 
2421 2350 
2429 2353 
2430 2429 
2356 2433 
2382 2461 
2465 2391 
2467 2465 
2483 2404 
2493 2414 
2415 2494 
2418 2496 
2494 2499 
2501 2421 
2509 2430 
2514 2509 
2433 2515 
2515 2514 
2461 2546 
2551 2467 
2554 2551 
2566 2483 
2576 2493 
2496 2577 
2499 2582 
2577 2583 
2582 2584 
2585 2501 
2601 2585 
2546 2632 
2641 2554 
2653 2566 
2663 2576 
2583 2668 
2584 2670 
2668 2671 
2683 2601 
2632 2713 
2715 2641 
2716 2715 
2717 2716 
2733 2653 
2743 2663 
2670 2750 
2671 2751 
2750 2753 
2763 2683 
2713 2793 
2795 2717 
2813 2733 
2823 2743 
2751 2830 
2753 2833 
2830 2834 
2840 2763 
2841 2840 
2872 2795 
2793 2872 
2872 2873 
2880 2841 
2890 2813 
2900 2823 
2833 2901 
2834 2910 
2873 2947 
2947 2948 
2955 2880 
2966 2890 
2976 2900 
2910 2977 
2901 2978 
2978 2989 
2948 3021 
3021 3022 
3022 3023 
3031 2955 
3043 2966 
3053 2976 
2977 3055 
2989 3065 
3055 3066 
3023 3092 
3092 3093 
3103 3031 
3118 3043 
3124 3053 
3065 3129 
3066 3141 
3093 3163 
3163 3164 
3164 3165 
3165 3168 
3168 3169 
3175 3103 
3190 3118 
3196 3124 
3141 3201 
3129 3202 
3169 3229 
3231 3230 
3229 3231 
3230 3232 
3232 3233 
3242 3175 
3258 3190 
3264 3196 
3202 3269 
3201 3271 
3269 3272 
3233 3296 
3296 3297 
3309 3242 
3253 3315 
3316 3253 
3297 3318 
3319 3316 
3318 3319 
3325 3258 
3331 3264 
3271 3336 
3272 3339 
3336 3340 
3339 3353 
3373 3309 
3315 3379 
3390 3325 
3396 3331 
3340 3404 
3404 3417 
3353 3418 
3379 3425 
3425 3426 
3428 3427 
3426 3428 
3433 3373 
3435 3433 
3448 3390 
3454 3396 
3417 3459 
3418 3477 
3427 3481 
3481 3482 
3482 3483 
3489 3435 
3490 3489 
3504 3448 
3510 3454 
3459 3515 
3483 3524 
3515 3534 
3477 3535 
3546 3490 
3555 3546 
3560 3504 
3566 3510 
3524 3577 
3577 3578 
3578 3581 
3534 3590 
3535 3591 
3605 3555 
3611 3560 
3617 3566 
3581 3630 
3630 3632 
3632 3633 
3633 3634 
3590 3641 
3591 3642 
3648 3605 
3660 3611 
3666 3617 
3634 3676 
3676 3685 
3685 3686 
3641 3690 
3642 3691 
3694 3648 
3706 3660 
3712 3666 
3723 3694 
3686 3729 
3690 3736 
3691 3737 
3750 3706 
3756 3712 
3729 3765 
3765 3766 
3768 3723 
3766 3774 
3736 3779 
3737 3780 
3792 3750 
3798 3756 
3774 3805 
3805 3806 
3806 3807 
3811 3768 
3817 3816 
3818 3817 
3807 3818 
3816 3819 
3819 3820 
3779 3820 
3780 3820 
3831 3798 
3832 3792 
3850 3811 
3820 3860 
3871 3831 
3873 3832 
3889 3850 
3860 3892 
3908 3871 
3911 3873 
3923 3889 
3892 3926 
3941 3908 
3945 3911 
3926 3956 
3957 3923 
3971 3941 
3976 3945 
3956 3987 
3988 3957 
4001 3971 
4007 3976 
3987 4016 
4017 3988 
4024 4001 
4035 4007 
4016 4043 
4044 4017 
4049 4024 
4061 4035 
4043 4068 
4069 4044 
4074 4049 
4087 4061 
4068 4089 
4094 4069 
4098 4074 
4112 4087 
4113 4098 
4089 4114 
4119 4094 
4136 4112 
4137 4113 
4138 4137 
4114 4141 
4142 4119 
4143 4138 
4144 4143 
4145 4144 
4164 4136 
4141 4168 
4168 4169 
4170 4142 
4175 4145 
4176 4175 
4194 4164 
4169 4198 
4199 4170 
4200 4199 
4208 4176 
4209 4208 
4225 4194 
4198 4229 
4230 4200 
4242 4209 
4256 4225 
4229 4260 
4261 4230 
4260 4266 
4274 4242 
4288 4256 
4292 4261 
4294 4292 
4266 4298 
4305 4274 
4313 4288 
4323 4294 
4298 4328 
4334 4305 
4341 4313 
4352 4323 
4356 4352 
4328 4357 
4362 4334 
4367 4341 
4382 4356 
4357 4383 
4388 4362 
4392 4367 
4399 4392 
4406 4382 
4383 4407 
4411 4388 
4419 4399 
4420 4419 
4429 4406 
4407 4430 
4431 4420 
4432 4431 
4434 4411 
4450 4429 
4430 4451 
4454 4432 
4454 4434 
4469 4450 
4451 4470 
4472 4454 
4486 4469 
4470 4487 
4489 4472 
4502 4486 
4487 4503 
4505 4489 
4515 4502 
4503 4516 
4518 4505 
4526 4515 
4516 4527 
4529 4518 
4536 4526 
4527 4537 
4539 4529 
4544 4536 
4537 4545 
4547 4539 
4551 4544 
4545 4552 
4554 4547 
4557 4551 
4552 4558 
4560 4554 
4562 4557 
4558 4563 
4565 4560 
4566 4562 
4563 4567 
4568 4566 
4568 4565 
4567 4569 
4569 4570 
4570 4568 

