0 
1 
0 
0 
1 
0 
0 
1 
5 
5 
7 
0 
0 
1 
5 
7 
0 
2 
1 
2 
4 
6 
7 
2 
2 
2 
2 
2 
2 
3 
1 
6 
7 
3 
1 
6 
7 
3 
1 
6 
7 
3 
1 
6 
7 
3 
1 
6 
7 
3 
1 
6 
7 
3 
1 
6 
7 
3 
1 
6 
7 
3 
1 
6 
7 
3 
1 
6 
7 
3 
1 
6 
7 
3 
1 
6 
7 
3 
1 
6 
7 
3 
1 
6 
7 
3 
1 
6 
7 
3 
1 
6 
7 
3 
1 
6 
7 
3 
1 
6 
7 
3 
1 
6 
7 
3 
1 
6 
7 
3 
1 
6 
7 
3 
1 
6 
7 
3 
1 
6 
7 
3 
1 
6 
7 
3 
1 
6 
7 
3 
1 
6 
7 
3 
1 
6 
7 
3 
1 
6 
7 
3 
1 
6 
7 
3 
1 
6 
7 
3 
1 
6 
7 
3 
1 
6 
7 
3 
1 
6 
7 
3 
1 
6 
7 
3 
1 
6 
7 
3 
1 
6 
7 
3 
1 
6 
7 
3 
1 
6 
7 
3 
1 
6 
7 
3 
1 
6 
7 
3 
1 
6 
7 
3 
1 
6 
7 
3 
1 
6 
7 
3 
1 
6 
7 
3 
1 
6 
7 
3 
1 
6 
7 
3 
1 
6 
7 
3 
1 
6 
7 
3 
1 
6 
7 
3 
1 
6 
7 
3 
1 
6 
7 
3 
1 
6 
7 
3 
1 
6 
7 
3 
1 
6 
7 
3 
1 
6 
7 
3 
1 
6 
7 
3 
1 
6 
7 
3 
1 
6 
7 
3 
1 
6 
7 
3 
1 
6 
7 
3 
1 
6 
7 
3 
1 
7 
6 
3 
1 
7 
6 
3 
1 
7 
6 
3 
1 
7 
6 
3 
1 
6 
7 
3 
1 
6 
7 
3 
1 
6 
7 
3 
1 
6 
7 
3 
1 
6 
7 
3 
1 
6 
7 
3 
1 
6 
7 
3 
1 
6 
7 
3 
1 
6 
7 
3 
1 
6 
7 
3 
1 
6 
7 
9 
3 
1 
6 
7 
9 
9 
9 
9 
9 
9 
18 
13 
13 
3 
1 
6 
7 
19 
19 
19 
19 
13 
13 
13 
9 
9 
13 
13 
16 
3 
1 
7 
6 
19 
22 
17 
9 
9 
9 
9 
9 
13 
13 
9 
9 
9 
9 
9 
9 
9 
9 
9 
13 
9 
3 
1 
22 
7 
6 
17 
17 
17 
17 
13 
13 
13 
13 
13 
13 
13 
13 
13 
13 
13 
13 
9 
13 
13 
9 
9 
9 
3 
1 
22 
22 
7 
6 
7 
7 
21 
21 
10 
12 
10 
10 
8 
3 
1 
21 
22 
6 
7 
7 
12 
11 
3 
1 
26 
21 
24 
21 
6 
7 
7 
7 
12 
11 
11 
3 
1 
26 
25 
26 
6 
7 
7 
7 
7 
12 
11 
11 
3 
1 
27 
26 
27 
26 
6 
6 
12 
11 
3 
1 
27 
26 
27 
6 
12 
11 
14 
14 
3 
1 
26 
27 
26 
6 
12 
14 
3 
1 
27 
26 
27 
6 
6 
14 
12 
15 
6 
3 
1 
26 
27 
15 
15 
6 
3 
1 
27 
26 
26 
15 
15 
15 
6 
3 
1 
27 
26 
27 
15 
15 
6 
3 
1 
26 
27 
15 
15 
15 
15 
15 
6 
3 
1 
27 
26 
15 
15 
15 
15 
15 
6 
3 
1 
26 
27 
26 
15 
15 
6 
23 
20 
15 
20 
15 
3 
1 
27 
26 
27 
26 
6 
23 
3 
1 
27 
27 
26 
23 
23 
23 
23 
6 
6 
3 
1 
27 
26 
23 
23 
23 
6 
6 
3 
1 
27 
23 
27 
26 
6 
6 
3 
1 
23 
23 
23 
27 
26 
6 
3 
1 
23 
23 
23 
23 
27 
26 
6 
3 
1 
23 
23 
23 
27 
26 
6 
3 
1 
6 
23 
27 
26 
3 
1 
23 
23 
6 
23 
29 
26 
3 
1 
23 
23 
23 
6 
28 
28 
28 
30 
30 
29 
26 
1 
3 
6 
31 
1 
3 
6 
31 
1 
3 
6 
31 
1 
3 
31 
6 
1 
3 
31 
6 
1 
3 
32 
6 
1 
3 
32 
6 
1 
3 
32 
6 
1 
3 
32 
6 
1 
3 
1 
32 
6 
3 
1 
1 
32 
6 
1 
1 
1 
3 
32 
33 
6 
1 
1 
3 
34 
6 
6 
1 
1 
3 
34 
6 
1 
3 
34 
6 
34 
35 
3 
6 
6 
34 
35 
3 
6 
34 
35 
3 
6 
6 
34 
35 
3 
6 
34 
35 
3 
3 
6 
34 
35 
3 
3 
6 
34 
3 
3 
35 
6 
34 
3 
35 
6 
34 
36 
6 
34 
36 
6 
34 
36 
6 
34 
36 
6 
34 
36 
6 
34 
36 
6 
34 
36 
6 
34 
36 
6 
34 
36 
6 
34 
36 
6 
34 
6 
36 
34 
34 
37 
