0 1 
1 2 
4 0 
2 5 
5 6 
6 7 
11 4 
7 13 
13 14 
22 11 
14 23 
23 24 
24 25 
25 26 
26 12 
12 28 
38 22 
28 43 
54 38 
43 59 
70 54 
59 75 
87 70 
88 89 
91 88 
75 96 
99 78 
78 101 
110 87 
111 99 
89 114 
115 91 
96 120 
101 125 
134 110 
135 111 
137 135 
138 137 
114 142 
143 115 
120 148 
125 154 
163 134 
142 164 
165 138 
166 165 
174 143 
148 179 
154 185 
194 163 
164 195 
195 196 
196 197 
197 166 
207 174 
179 212 
185 216 
225 194 
240 207 
212 245 
216 249 
258 225 
272 240 
245 277 
279 280 
249 285 
294 258 
306 272 
280 307 
277 312 
314 315 
316 279 
315 316 
285 328 
337 294 
348 306 
307 350 
312 353 
359 314 
360 359 
362 360 
328 373 
382 337 
393 348 
350 397 
353 401 
407 359 
410 407 
401 411 
412 410 
411 413 
413 414 
414 412 
417 362 
421 417 
422 421 
423 422 
373 429 
438 382 
449 393 
397 453 
474 423 
475 474 
429 484 
493 438 
504 449 
453 509 
510 511 
511 517 
517 475 
484 533 
546 493 
557 504 
558 510 
509 563 
565 517 
566 565 
533 585 
598 546 
609 557 
612 558 
563 617 
618 566 
619 618 
585 635 
647 598 
658 609 
659 619 
663 612 
617 668 
635 683 
696 647 
706 658 
708 659 
711 708 
714 663 
668 719 
683 733 
747 696 
751 747 
752 751 
733 753 
753 754 
754 755 
756 752 
757 756 
755 758 
758 757 
765 706 
767 711 
773 714 
719 778 
820 765 
823 767 
831 773 
778 836 
883 820 
884 883 
893 884 
894 823 
902 831 
836 907 
923 894 
966 893 
974 902 
907 979 
993 923 
1015 1025 
1043 966 
1051 974 
979 1056 
1070 993 
1090 1015 
1091 1090 
1025 1097 
1097 1098 
1098 1099 
1100 1091 
1121 1043 
1129 1051 
1056 1133 
1147 1070 
1099 1150 
1150 1151 
1151 1152 
1171 1100 
1172 1171 
1173 1172 
1188 1189 
1189 1190 
1190 1191 
1191 1192 
1192 1193 
1193 1121 
1200 1129 
1133 1204 
1152 1206 
1220 1147 
1222 1173 
1223 1222 
1224 1223 
1254 1188 
1260 1193 
1267 1200 
1204 1271 
1206 1272 
1273 1224 
1272 1275 
1289 1220 
1321 1254 
1320 1321 
1326 1260 
1325 1326 
1333 1267 
1271 1337 
1338 1273 
1275 1341 
1342 1338 
1359 1289 
1384 1320 
1385 1384 
1391 1325 
1390 1391 
1393 1326 
1401 1333 
1337 1405 
1341 1409 
1410 1342 
1429 1359 
1449 1385 
1455 1390 
1454 1455 
1458 1393 
1466 1401 
1405 1470 
1409 1474 
1475 1410 
1474 1481 
1489 1429 
1490 1491 
1491 1492 
1492 1493 
1493 1429 
1509 1449 
1510 1509 
1513 1454 
1514 1513 
1518 1458 
1526 1466 
1470 1530 
1534 1475 
1538 1534 
1481 1539 
1538 1539 
1539 1544 
1545 1490 
1547 1545 
1548 1547 
1544 1549 
1549 1550 
1550 1548 
1551 1489 
1493 1557 
1570 1510 
1571 1570 
1576 1514 
1582 1518 
1592 1526 
1530 1595 
1600 1538 
1608 1551 
1609 1608 
1557 1616 
1633 1571 
1638 1576 
1639 1638 
1645 1582 
1655 1592 
1595 1658 
1662 1600 
1664 1662 
1665 1664 
1670 1609 
1616 1677 
1694 1633 
1695 1694 
1699 1639 
1700 1699 
1708 1645 
1718 1655 
1658 1721 
1724 1665 
1723 1725 
1725 1724 
1732 1670 
1677 1735 
1755 1695 
1756 1755 
1759 1700 
1760 1759 
1769 1708 
1772 1732 
1780 1718 
1721 1781 
1785 1723 
1735 1799 
1817 1756 
1820 1760 
1821 1820 
1832 1769 
1834 1772 
1844 1780 
1781 1845 
1849 1785 
1799 1860 
1871 1817 
1872 1871 
1870 1873 
1873 1874 
1875 1872 
1874 1875 
1877 1821 
1878 1877 
1890 1832 
1891 1834 
1860 1894 
1897 1891 
1845 1902 
1904 1844 
1907 1849 
1925 1870 
1925 1907 
1933 1878 
1947 1890 
1894 1950 
1953 1897 
1902 1961 
1963 1904 
1965 1907 
1925 1982 
1982 1984 
1984 1985 
1986 1933 
1987 1986 
1988 1987 
1985 1988 
2002 1947 
1950 2003 
2006 1953 
2003 2009 
2012 2006 
1961 2015 
2018 1963 
2015 2019 
2020 1965 
1982 2036 
2054 2002 
2009 2060 
2063 2012 
2069 2018 
2019 2071 
2073 2020 
2036 2087 
2104 2054 
2060 2108 
2111 2063 
2108 2114 
2116 2111 
2117 2069 
2071 2120 
2122 2117 
2123 2073 
2087 2137 
2152 2104 
2114 2160 
2162 2116 
2165 2162 
2120 2167 
2169 2122 
2171 2123 
2137 2185 
2199 2152 
2160 2206 
2206 2210 
2211 2165 
2213 2211 
2167 2214 
2215 2213 
2215 2169 
2216 2215 
2214 2217 
2218 2171 
2185 2231 
2244 2199 
2210 2253 
2253 2256 
2258 2216 
2258 2214 
2217 2261 
2262 2218 
2231 2274 
2286 2244 
2256 2296 
2296 2298 
2299 2258 
2298 2302 
2261 2303 
2304 2262 
2274 2315 
2326 2286 
2302 2338 
2338 2299 
2303 2341 
2342 2304 
2315 2349 
2363 2326 
2374 2338 
2341 2377 
2378 2342 
2349 2384 
2397 2363 
2407 2374 
2377 2411 
2412 2378 
2384 2414 
2416 2412 
2428 2397 
2437 2407 
2437 2438 
2439 2437 
2411 2441 
2414 2443 
2445 2416 
2456 2428 
2457 2445 
2458 2457 
2459 2458 
2460 2459 
2461 2460 
2462 2461 
2463 2462 
2438 2463 
2466 2439 
2441 2468 
2443 2469 
2469 2473 
2481 2456 
2488 2466 
2489 2488 
2491 2466 
2468 2491 
2473 2495 
2503 2481 
2495 2504 
2504 2505 
2505 2506 
2506 2507 
2507 2508 
2508 2489 
2491 2512 
2522 2503 
2512 2528 
2537 2522 
2528 2542 
2549 2537 
2542 2552 
2557 2549 
2552 2559 
2562 2557 
2559 2563 
2564 2562 
2563 2564