0 
0 
1 
0 
0 
0 
1 
0 
0 
1 
0 
0 
0 
0 
0 
2 
1 
2 
1 
2 
1 
2 
1 
40 
41 
2 
40 
1 
1 
40 
40 
39 
2 
1 
1 
40 
40 
40 
40 
39 
2 
1 
1 
40 
40 
40 
39 
2 
1 
1 
40 
40 
40 
40 
39 
2 
1 
1 
39 
2 
1 
1 
39 
2 
4 
1 
1 
39 
4 
2 
4 
4 
4 
1 
1 
39 
4 
2 
4 
3 
3 
1 
1 
39 
4 
2 
2 
2 
2 
2 
2 
2 
2 
3 
3 
3 
3 
1 
1 
39 
4 
3 
3 
1 
1 
39 
4 
6 
6 
3 
1 
1 
39 
6 
4 
5 
5 
1 
1 
39 
6 
4 
5 
5 
1 
1 
39 
5 
6 
4 
1 
1 
39 
5 
5 
6 
4 
1 
1 
1 
1 
1 
1 
1 
1 
1 
1 
1 
39 
5 
6 
4 
39 
5 
6 
4 
39 
39 
39 
5 
6 
4 
5 
39 
6 
4 
5 
19 
39 
6 
4 
5 
20 
22 
19 
19 
19 
22 
39 
6 
4 
5 
19 
19 
19 
22 
22 
22 
36 
36 
36 
38 
38 
39 
6 
4 
19 
5 
22 
22 
22 
35 
37 
6 
4 
19 
22 
19 
5 
35 
34 
37 
33 
6 
7 
22 
19 
22 
5 
34 
34 
33 
33 
29 
6 
7 
19 
22 
5 
34 
33 
33 
29 
6 
7 
19 
22 
19 
9 
10 
10 
10 
8 
34 
34 
33 
33 
29 
6 
7 
22 
22 
19 
21 
12 
12 
12 
12 
12 
12 
12 
9 
11 
34 
34 
33 
29 
6 
7 
23 
9 
9 
11 
34 
33 
33 
29 
6 
7 
23 
23 
23 
9 
11 
34 
34 
33 
33 
29 
6 
7 
23 
23 
23 
9 
11 
34 
34 
33 
33 
29 
9 
6 
7 
30 
11 
34 
33 
33 
29 
9 
6 
7 
30 
11 
34 
34 
34 
34 
34 
34 
33 
33 
29 
9 
11 
9 
7 
6 
30 
34 
31 
33 
29 
11 
9 
7 
6 
25 
32 
33 
33 
33 
33 
33 
33 
29 
11 
9 
11 
9 
7 
6 
7 
25 
27 
29 
11 
9 
6 
7 
25 
27 
29 
11 
9 
11 
9 
6 
7 
6 
25 
27 
29 
11 
9 
9 
7 
6 
25 
27 
29 
11 
11 
9 
9 
7 
9 
6 
15 
14 
25 
27 
29 
11 
11 
15 
13 
14 
25 
27 
29 
11 
11 
16 
11 
14 
25 
27 
29 
11 
16 
17 
25 
27 
29 
18 
17 
25 
27 
29 
18 
17 
25 
27 
25 
29 
18 
25 
24 
26 
27 
25 
29 
25 
25 
25 
25 
25 
25 
25 
25 
24 
26 
27 
27 
29 
27 
27 
28 
26 
27 
29 
27 
27 
27 
27 
27 
27 
29 
29 
29 
29 
29 
29 
29 
29 
29 
29 
29 
29 
29