3 1 0 
3 0 4 
8 2 1 
3 8 1 
9 5 2 
2 8 9 
3 4 10 
3 10 8 
11 10 4 
15 6 5 
5 9 15 
16 7 6 
6 15 16 
17 13 7 
7 16 17 
9 8 18 
8 10 18 
19 15 9 
9 18 19 
20 18 10 
11 21 10 
20 10 21 
21 11 22 
27 12 26 
27 28 12 
29 14 13 
13 17 29 
30 23 14 
14 29 30 
31 16 15 
15 19 31 
32 17 16 
16 31 32 
33 29 17 
17 32 33 
34 31 19 
19 18 35 
34 19 35 
20 35 18 
20 21 36 
20 36 35 
22 37 21 
36 21 37 
37 22 38 
39 24 23 
23 30 39 
24 40 25 
40 24 39 
25 41 26 
27 26 41 
25 40 41 
27 42 28 
27 41 42 
42 43 28 
44 30 29 
29 33 44 
30 45 39 
45 30 44 
46 32 31 
31 34 46 
47 33 32 
32 46 47 
48 44 33 
33 47 48 
49 46 34 
50 34 35 
50 49 34 
36 51 35 
50 35 51 
37 52 36 
51 36 52 
38 53 37 
52 37 53 
53 38 54 
39 55 40 
55 39 45 
56 41 40 
56 40 55 
42 41 57 
56 57 41 
43 42 58 
57 58 42 
58 59 43 
44 60 45 
44 48 60 
45 61 55 
61 45 60 
62 47 46 
62 46 49 
63 48 47 
47 62 63 
60 48 64 
48 63 64 
65 62 49 
50 51 66 
50 66 49 
65 49 66 
52 67 51 
67 66 51 
53 68 52 
67 52 68 
54 69 53 
68 53 69 
69 54 70 
56 55 71 
55 61 71 
56 71 57 
72 71 61 
58 57 73 
73 57 71 
59 58 74 
73 74 58 
74 75 59 
60 76 61 
72 61 76 
64 76 60 
77 76 64 
79 63 62 
62 65 79 
80 64 63 
77 64 80 
63 79 80 
81 79 65 
82 81 65 
82 65 66 
83 66 67 
82 66 83 
68 84 67 
83 67 84 
69 85 68 
84 68 85 
70 86 69 
85 69 86 
86 70 87 
90 88 91 
73 71 92 
72 92 71 
72 93 92 
72 76 93 
74 73 94 
92 94 73 
75 74 95 
94 95 74 
95 96 75 
93 76 97 
77 97 76 
77 80 98 
77 98 97 
100 78 99 
100 101 78 
79 102 80 
80 102 98 
81 102 79 
103 98 102 
104 102 81 
82 83 105 
82 105 81 
104 81 105 
84 106 83 
83 106 105 
85 107 84 
106 84 107 
86 108 85 
107 85 108 
87 109 86 
108 86 109 
109 87 110 
88 112 89 
90 112 88 
89 112 113 
113 114 89 
90 91 115 
90 115 112 
94 92 116 
93 116 92 
116 93 117 
97 117 93 
95 94 118 
116 118 94 
96 95 119 
118 119 95 
119 120 96 
117 97 121 
97 98 121 
122 121 98 
103 122 98 
111 123 99 
100 99 123 
100 124 101 
100 123 124 
124 125 101 
104 126 102 
103 102 126 
103 127 122 
103 126 127 
104 105 128 
104 128 126 
129 105 106 
128 105 129 
107 130 106 
129 106 130 
108 131 107 
130 107 131 
109 132 108 
131 108 132 
110 133 109 
132 109 133 
133 110 134 
136 111 135 
111 136 123 
112 115 139 
139 113 112 
113 139 140 
113 141 114 
140 141 113 
141 142 114 
143 139 115 
118 116 144 
117 144 116 
144 117 145 
121 145 117 
119 118 146 
144 146 118 
120 119 147 
146 147 119 
147 148 120 
145 121 149 
122 149 121 
149 122 150 
127 150 122 
151 123 136 
124 123 152 
151 152 123 
125 124 153 
152 153 124 
153 154 125 
128 155 126 
127 126 155 
150 127 156 
127 155 156 
128 129 157 
155 128 157 
130 158 129 
157 129 158 
131 159 130 
158 130 159 
132 160 131 
159 131 160 
133 161 132 
160 132 161 
134 162 133 
161 133 162 
162 134 163 
167 135 137 
136 135 167 
168 136 167 
151 136 168 
169 137 138 
137 169 167 
170 138 165 
138 170 169 
139 143 171 
140 139 171 
140 171 172 
140 172 141 
173 164 142 
141 173 142 
172 173 141 
171 143 174 
146 144 175 
145 175 144 
175 145 176 
149 176 145 
147 146 177 
175 177 146 
148 147 178 
177 178 147 
178 179 148 
176 149 180 
150 180 149 
180 150 181 
156 181 150 
151 168 182 
151 182 152 
153 152 183 
183 152 182 
154 153 184 
183 184 153 
184 185 154 
157 186 155 
156 155 186 
181 156 187 
186 187 156 
158 188 157 
186 157 188 
159 189 158 
188 158 189 
160 190 159 
189 159 190 
161 191 160 
190 160 191 
162 192 161 
191 161 192 
163 193 162 
192 162 193 
193 163 194 
198 195 164 
173 198 164 
199 165 166 
165 199 170 
200 166 197 
166 200 199 
201 167 169 
167 201 168 
202 168 201 
168 202 182 
203 169 170 
169 203 201 
204 170 199 
170 204 203 
171 174 205 
172 171 205 
206 198 173 
172 205 206 
173 172 206 
205 174 207 
177 175 208 
176 208 175 
208 176 209 
180 209 176 
178 177 210 
208 210 177 
179 178 211 
210 211 178 
211 212 179 
209 180 213 
181 213 180 
213 181 214 
187 214 181 
215 182 202 
183 182 217 
215 217 182 
184 183 218 
217 218 183 
219 216 185 
185 184 219 
218 219 184 
188 220 186 
187 186 220 
214 187 221 
220 221 187 
189 222 188 
220 188 222 
190 223 189 
222 189 223 
191 224 190 
223 190 224 
192 226 191 
224 191 226 
193 227 192 
226 192 227 
228 194 225 
194 228 193 
227 193 228 
229 196 195 
195 198 229 
230 197 196 
197 230 200 
196 229 230 
198 231 229 
198 206 231 
232 199 200 
199 232 204 
233 200 230 
200 233 232 
234 201 203 
201 234 202 
235 202 234 
215 202 235 
236 203 204 
203 236 234 
237 204 232 
204 237 236 
205 207 238 
206 205 238 
206 238 231 
239 231 238 
238 207 240 
210 208 241 
209 241 208 
241 209 242 
213 242 209 
211 210 243 
241 243 210 
212 211 244 
243 244 211 
244 245 212 
242 213 246 
214 246 213 
246 214 247 
221 247 214 
215 248 217 
215 235 248 
250 249 216 
216 219 250 
218 217 251 
217 248 251 
252 250 219 
219 218 252 
251 252 218 
222 253 220 
221 220 253 
247 221 254 
253 254 221 
223 255 222 
253 222 255 
224 256 223 
255 223 256 
226 257 224 
256 224 257 
259 225 258 
225 259 228 
227 260 226 
257 226 260 
261 228 259 
228 261 227 
260 227 261 
229 262 230 
230 262 233 
229 231 262 
263 262 231 
239 263 231 
264 232 233 
232 264 237 
265 233 262 
265 264 233 
266 234 236 
234 266 235 
267 235 266 
235 267 248 
268 236 237 
236 268 266 
269 237 264 
237 269 268 
270 263 239 
238 240 271 
239 238 271 
239 271 270 
272 271 240 
243 241 273 
242 273 241 
273 242 274 
246 274 242 
244 243 275 
273 275 243 
245 244 276 
275 276 244 
276 277 245 
274 246 278 
247 278 246 
278 247 281 
254 281 247 
283 248 267 
282 283 267 
251 248 284 
283 284 248 
286 285 249 
249 250 286 
287 286 250 
250 252 287 
288 287 252 
252 251 288 
284 288 251 
255 289 253 
254 253 289 
290 281 254 
290 254 289 
256 291 255 
289 255 291 
257 292 256 
291 256 292 
260 293 257 
292 257 293 
295 258 294 
258 295 259 
296 259 295 
259 296 261 
297 261 296 
261 297 260 
293 260 297 
298 265 262 
263 298 262 
263 270 298 
299 264 265 
299 269 264 
300 265 298 
300 299 265 
266 268 301 
267 266 301 
282 267 301 
302 268 269 
302 301 268 
303 269 299 
303 302 269 
270 271 304 
270 304 298 
271 272 305 
304 271 305 
305 272 306 
275 273 308 
274 308 273 
308 274 309 
278 309 274 
276 275 310 
308 310 275 
277 276 311 
310 311 276 
311 312 277 
309 278 313 
281 313 278 
317 315 314 
318 307 280 
320 279 316 
318 280 321 
279 321 280 
279 320 321 
322 318 321 
281 323 313 
290 323 281 
282 301 324 
282 325 283 
282 324 325 
284 283 326 
325 326 283 
288 284 327 
326 327 284 
329 328 285 
285 286 329 
330 329 286 
286 287 330 
331 330 287 
287 288 331 
327 331 288 
289 291 332 
290 332 323 
290 289 332 
333 323 332 
292 334 291 
334 332 291 
293 335 292 
334 292 335 
297 336 293 
335 293 336 
338 294 337 
294 338 295 
339 295 338 
295 339 296 
340 296 339 
296 340 297 
336 297 340 
304 341 298 
300 298 341 
300 342 299 
300 341 342 
299 342 303 
343 301 302 
324 301 343 
344 302 303 
344 343 302 
345 303 342 
345 344 303 
304 305 346 
346 341 304 
306 347 305 
346 305 347 
347 306 348 
319 349 318 
307 318 349 
349 350 307 
310 308 351 
309 351 308 
351 309 352 
313 352 309 
311 310 354 
351 354 310 
355 353 312 
312 311 355 
354 355 311 
352 313 356 
313 323 356 
319 357 349 
314 360 317 
360 314 359 
316 361 320 
361 316 315 
315 317 361 
362 361 317 
317 360 362 
319 318 363 
322 363 318 
319 364 357 
319 363 364 
365 320 361 
365 366 320 
366 321 320 
322 367 363 
366 367 321 
322 321 367 
368 356 323 
333 368 323 
324 343 369 
324 369 325 
325 370 326 
325 369 370 
327 326 371 
370 371 326 
331 327 372 
371 372 327 
374 373 328 
328 329 374 
375 374 329 
329 330 375 
376 375 330 
330 331 376 
372 376 331 
377 332 334 
333 332 377 
333 378 368 
333 377 378 
335 379 334 
377 334 379 
336 380 335 
379 335 380 
340 381 336 
380 336 381 
383 337 382 
337 383 338 
384 338 383 
338 384 339 
385 339 384 
339 385 340 
381 340 385 
341 346 386 
386 342 341 
387 342 386 
345 342 387 
388 369 389 
344 389 343 
343 389 369 
345 387 390 
345 390 344 
390 389 344 
347 391 346 
391 386 346 
348 392 347 
391 347 392 
392 348 393 
349 357 394 
350 349 394 
358 395 357 
394 357 395 
396 395 358 
394 397 350 
398 396 358 
354 351 399 
352 399 351 
399 352 400 
352 356 400 
402 401 353 
353 355 402 
403 402 355 
355 354 403 
399 403 354 
404 400 356 
368 404 356 
364 405 357 
358 357 405 
405 406 358 
398 358 406 
359 408 360 
407 409 359 
408 359 409 
360 415 362 
415 360 408 
416 415 408 
417 365 361 
361 362 417 
362 418 417 
415 418 362 
363 419 364 
363 367 419 
405 364 420 
364 419 420 
365 421 366 
365 417 421 
422 367 366 
421 422 366 
419 367 423 
422 423 367 
404 368 424 
378 424 368 
425 370 369 
388 425 369 
371 370 426 
425 426 370 
372 371 427 
426 427 371 
376 372 428 
427 428 372 
430 429 373 
373 374 430 
431 430 374 
374 375 431 
432 431 375 
375 376 432 
428 432 376 
379 433 377 
378 377 433 
424 378 434 
378 433 434 
380 435 379 
433 379 435 
381 436 380 
435 380 436 
385 437 381 
436 381 437 
439 382 438 
382 439 383 
440 383 439 
383 440 384 
441 384 440 
384 441 385 
437 385 441 
391 442 386 
387 386 442 
442 443 387 
390 387 443 
388 444 425 
388 389 445 
388 445 444 
443 446 390 
390 446 389 
445 389 446 
392 447 391 
442 391 447 
393 448 392 
447 392 448 
448 393 449 
395 450 394 
397 394 450 
396 398 451 
396 451 452 
396 452 395 
395 452 450 
450 453 397 
398 454 451 
398 406 454 
403 399 455 
400 455 399 
456 455 400 
404 456 400 
457 411 401 
401 402 457 
402 458 457 
458 402 403 
458 403 455 
459 404 424 
459 456 404 
460 456 459 
406 405 461 
420 461 405 
462 454 406 
462 406 461 
410 463 407 
409 407 463 
408 409 464 
416 408 464 
465 409 463 
464 409 465 
412 466 410 
463 410 466 
467 413 411 
467 411 457 
414 468 412 
466 412 468 
413 469 414 
468 414 469 
469 413 467 
415 470 418 
416 470 415 
416 471 470 
416 464 471 
417 472 421 
472 417 418 
418 473 472 
470 473 418 
474 420 419 
419 423 474 
461 420 475 
420 474 475 
421 476 422 
476 421 472 
422 477 423 
477 422 476 
423 478 474 
478 423 477 
459 424 479 
434 479 424 
426 425 480 
444 480 425 
427 426 481 
480 481 426 
428 427 482 
481 482 427 
432 428 483 
482 483 428 
485 484 429 
429 430 485 
486 485 430 
430 431 486 
487 486 431 
431 432 487 
483 487 432 
435 488 433 
434 433 488 
479 434 489 
488 489 434 
436 490 435 
488 435 490 
437 491 436 
490 436 491 
441 492 437 
491 437 492 
494 438 493 
438 494 439 
495 439 494 
439 495 440 
496 440 495 
440 496 441 
492 441 496 
447 497 442 
443 442 497 
497 498 443 
446 443 498 
480 444 499 
444 445 500 
500 499 444 
498 501 446 
445 446 501 
501 500 445 
448 502 447 
497 447 502 
449 503 448 
502 448 503 
503 449 504 
451 454 505 
450 452 506 
453 450 506 
451 505 507 
451 507 452 
507 508 452 
506 452 508 
506 509 453 
510 505 454 
511 510 454 
462 511 454 
512 510 511 
455 513 458 
456 513 455 
460 513 456 
457 514 467 
514 457 458 
458 513 514 
460 459 515 
515 459 479 
460 516 513 
460 515 516 
462 517 511 
462 461 517 
475 517 461 
463 466 518 
465 463 518 
465 519 464 
465 518 519 
464 519 471 
466 468 520 
518 466 520 
467 521 469 
521 467 514 
468 469 522 
520 468 522 
522 469 521 
470 523 473 
471 523 470 
471 524 523 
524 471 519 
472 525 476 
525 472 473 
473 526 525 
523 526 473 
474 527 475 
527 474 478 
475 528 517 
528 475 527 
476 529 477 
529 476 525 
530 478 477 
530 477 529 
478 531 527 
530 531 478 
479 532 515 
532 479 489 
481 480 534 
499 534 480 
482 481 535 
534 535 481 
483 482 536 
535 536 482 
487 483 537 
536 537 483 
538 533 484 
484 485 538 
539 538 485 
485 486 539 
540 539 486 
486 487 540 
537 540 487 
490 541 488 
489 488 541 
489 542 532 
541 542 489 
491 543 490 
541 490 543 
492 544 491 
543 491 544 
496 545 492 
544 492 545 
547 493 546 
493 547 494 
548 494 547 
494 548 495 
549 495 548 
495 549 496 
545 496 549 
502 550 497 
498 497 550 
550 551 498 
501 498 551 
534 499 552 
499 500 553 
553 552 499 
551 554 501 
500 501 554 
554 553 500 
503 555 502 
550 502 555 
504 556 503 
555 503 556 
556 504 557 
505 510 558 
558 559 505 
505 559 507 
508 560 506 
509 506 560 
559 561 507 
507 561 508 
561 562 508 
560 508 562 
560 563 509 
510 564 558 
512 564 510 
511 565 512 
565 511 517 
512 566 564 
512 565 566 
521 514 567 
567 514 513 
516 567 513 
568 515 532 
568 516 515 
569 567 516 
569 516 568 
565 517 570 
528 570 517 
520 571 518 
519 518 571 
572 519 571 
572 524 519 
520 522 573 
571 520 573 
522 521 574 
573 522 574 
574 521 567 
523 575 526 
524 575 523 
524 576 575 
572 576 524 
525 577 529 
577 525 526 
526 578 577 
578 526 575 
527 579 528 
579 527 531 
580 570 528 
580 528 579 
530 581 531 
530 529 581 
529 577 581 
531 582 579 
582 531 581 
532 583 568 
583 532 542 
584 583 542 
586 585 533 
533 538 586 
535 534 587 
552 587 534 
536 535 588 
587 588 535 
537 536 589 
588 589 536 
540 537 590 
589 590 537 
591 586 538 
538 539 591 
592 591 539 
539 540 592 
590 592 540 
543 593 541 
542 541 593 
594 584 542 
594 542 593 
544 595 543 
593 543 595 
545 596 544 
595 544 596 
549 597 545 
596 545 597 
599 546 598 
546 599 547 
600 547 599 
547 600 548 
601 548 600 
548 601 549 
597 549 601 
555 602 550 
551 550 602 
602 603 551 
554 551 603 
587 552 604 
552 553 605 
605 604 552 
603 606 554 
553 554 606 
606 605 553 
556 607 555 
602 555 607 
557 608 556 
607 556 608 
608 557 609 
558 564 611 
610 611 564 
611 612 558 
559 558 612 
612 613 559 
561 559 613 
562 614 560 
563 560 614 
613 615 561 
562 561 615 
615 616 562 
614 562 616 
614 617 563 
618 610 564 
566 618 564 
610 618 619 
565 620 566 
570 620 565 
566 621 618 
621 566 620 
622 574 567 
569 622 567 
569 623 622 
569 568 623 
568 583 623 
570 624 620 
580 624 570 
571 573 625 
572 571 625 
576 572 625 
573 574 626 
573 626 625 
626 574 622 
578 575 627 
576 627 575 
576 625 627 
577 628 581 
578 628 577 
578 627 628 
580 629 624 
579 629 580 
582 629 579 
582 581 630 
582 630 629 
630 581 628 
631 623 583 
631 583 584 
632 584 594 
633 631 584 
634 633 584 
634 584 632 
636 635 585 
585 586 636 
637 636 586 
586 591 637 
588 587 638 
604 638 587 
589 588 639 
638 639 588 
590 589 640 
639 640 589 
592 590 641 
640 641 590 
642 637 591 
591 592 642 
641 642 592 
593 595 643 
594 593 643 
632 594 643 
596 644 595 
595 644 643 
597 645 596 
644 596 645 
601 646 597 
645 597 646 
648 598 647 
598 648 599 
649 599 648 
599 649 600 
650 600 649 
600 650 601 
646 601 650 
638 604 651 
607 652 602 
603 602 652 
652 653 603 
606 603 653 
604 605 654 
654 651 604 
653 655 606 
605 606 655 
655 654 605 
608 656 607 
652 607 656 
609 657 608 
656 608 657 
657 609 658 
660 619 659 
619 660 610 
660 661 610 
611 610 661 
661 662 611 
612 611 662 
662 663 612 
613 612 663 
663 664 613 
615 613 664 
616 665 614 
617 614 665 
664 666 615 
616 615 666 
666 667 616 
665 616 667 
665 668 617 
619 618 669 
618 621 669 
659 619 670 
669 670 619 
671 659 670 
620 672 621 
624 672 620 
673 669 621 
673 621 672 
622 674 626 
622 623 674 
623 631 674 
624 675 672 
624 629 675 
625 626 676 
627 625 676 
626 674 676 
628 677 630 
628 627 677 
627 676 677 
629 678 675 
678 629 630 
678 630 679 
679 630 677 
680 674 631 
633 680 631 
632 643 681 
632 681 634 
633 682 680 
634 682 633 
634 681 682 
684 683 635 
635 636 684 
685 684 636 
636 637 685 
686 685 637 
637 642 686 
639 638 687 
651 687 638 
640 639 688 
687 688 639 
641 640 689 
688 689 640 
690 686 642 
642 641 690 
689 690 641 
687 651 691 
644 692 643 
681 643 692 
645 693 644 
692 644 693 
646 694 645 
693 645 694 
650 695 646 
694 646 695 
697 647 696 
647 697 648 
698 648 697 
648 698 649 
699 649 698 
649 699 650 
695 650 699 
651 654 700 
700 691 651 
656 701 652 
653 652 701 
701 702 653 
655 653 702 
702 703 655 
654 655 703 
703 700 654 
657 704 656 
701 656 704 
658 705 657 
704 657 705 
705 658 706 
691 700 707 
659 671 708 
709 659 708 
659 709 660 
710 661 660 
710 660 709 
710 712 661 
661 712 662 
713 662 712 
663 662 713 
713 714 663 
664 663 714 
714 715 664 
666 664 715 
667 716 665 
668 665 716 
715 717 666 
667 666 717 
717 718 667 
716 667 718 
716 719 668 
708 720 711 
720 708 671 
670 669 721 
673 721 669 
671 670 722 
722 670 721 
723 720 671 
723 671 722 
673 724 721 
672 724 673 
672 675 724 
725 676 674 
725 674 680 
675 726 724 
726 675 678 
679 677 727 
677 676 727 
676 725 727 
679 728 678 
678 728 726 
679 727 728 
729 725 680 
729 680 682 
692 730 681 
682 731 729 
682 681 731 
731 681 730 
720 732 711 
734 733 683 
683 684 734 
735 734 684 
684 685 735 
736 735 685 
685 686 736 
737 736 686 
686 690 737 
688 687 738 
691 738 687 
689 688 739 
738 739 688 
740 737 690 
690 689 740 
739 740 689 
707 741 691 
738 691 741 
693 742 692 
730 692 742 
743 730 742 
694 744 693 
742 693 744 
695 745 694 
744 694 745 
699 746 695 
745 695 746 
748 696 747 
696 748 697 
749 697 748 
697 749 698 
750 698 749 
698 750 699 
746 699 750 
700 703 759 
759 707 700 
704 760 701 
702 701 760 
760 761 702 
703 702 761 
761 759 703 
707 759 762 
705 763 704 
760 704 763 
706 764 705 
763 705 764 
764 706 765 
762 766 707 
741 707 766 
711 732 767 
768 708 711 
708 768 709 
709 768 769 
710 709 769 
710 769 712 
770 711 767 
711 770 768 
712 769 771 
712 771 713 
771 772 713 
714 713 772 
772 773 714 
715 714 773 
773 774 715 
717 715 774 
718 775 716 
719 716 775 
774 776 717 
718 717 776 
776 777 718 
775 718 777 
775 778 719 
720 779 732 
723 779 720 
721 780 722 
721 724 780 
723 781 779 
723 722 781 
781 722 780 
780 724 782 
782 724 726 
783 727 725 
725 729 783 
726 784 782 
784 726 728 
728 785 784 
728 727 785 
785 727 783 
786 783 729 
729 731 786 
743 787 730 
731 730 787 
787 786 731 
788 787 743 
779 789 732 
732 790 767 
732 789 790 
791 753 733 
733 734 791 
792 791 734 
734 735 792 
793 792 735 
735 736 793 
794 793 736 
736 737 794 
795 794 737 
737 740 795 
739 738 796 
741 796 738 
797 795 740 
740 739 797 
796 797 739 
766 798 741 
796 741 798 
744 799 742 
743 742 799 
800 743 799 
788 743 800 
745 801 744 
799 744 801 
746 802 745 
802 801 745 
750 803 746 
802 746 803 
804 747 751 
747 804 748 
805 748 804 
748 805 749 
806 749 805 
749 806 750 
803 750 806 
807 751 752 
751 807 804 
808 752 756 
752 808 807 
809 754 753 
753 791 809 
810 755 754 
754 809 810 
811 758 755 
755 810 811 
812 756 757 
756 812 808 
813 757 758 
757 813 812 
758 811 813 
759 761 814 
814 762 759 
763 815 760 
761 760 815 
815 814 761 
766 762 816 
817 762 814 
817 816 762 
764 818 763 
815 763 818 
765 819 764 
819 818 764 
819 765 820 
816 821 766 
798 766 821 
822 821 816 
767 790 823 
824 767 823 
767 824 770 
770 825 768 
768 825 769 
826 769 825 
826 771 769 
827 770 824 
827 825 770 
828 825 827 
826 829 771 
772 771 829 
829 830 772 
773 772 830 
830 831 773 
774 773 831 
831 832 774 
776 774 832 
777 833 775 
778 775 833 
832 834 776 
777 776 834 
834 835 777 
833 777 835 
833 836 778 
779 838 789 
781 838 779 
781 839 838 
780 839 781 
780 782 839 
782 840 839 
840 782 784 
841 785 783 
783 786 841 
784 842 840 
842 784 785 
785 841 842 
843 841 786 
786 787 843 
844 843 787 
788 844 787 
788 800 845 
788 845 844 
847 789 838 
848 790 789 
847 848 789 
790 849 823 
790 848 849 
851 809 791 
791 792 851 
852 851 792 
792 793 852 
853 852 793 
793 794 853 
854 853 794 
794 795 854 
854 795 855 
797 855 795 
856 855 797 
797 796 856 
798 856 796 
857 798 821 
857 856 798 
858 857 821 
859 846 845 
845 800 859 
846 859 862 
799 801 865 
800 799 865 
800 865 859 
802 866 801 
866 865 801 
803 867 802 
866 802 867 
806 868 803 
867 803 868 
869 804 807 
804 869 805 
870 805 869 
805 870 806 
868 806 870 
871 807 808 
807 871 869 
872 808 812 
808 872 871 
873 810 809 
809 851 873 
874 811 810 
810 873 874 
875 813 811 
811 874 875 
876 812 813 
812 876 872 
813 875 876 
837 860 877 
861 877 860 
877 861 878 
879 878 861 
877 882 837 
881 837 882 
815 818 885 
814 815 885 
817 814 885 
817 885 886 
817 886 816 
816 886 822 
818 819 887 
887 885 818 
888 820 883 
888 819 820 
888 887 819 
889 822 886 
890 821 822 
858 821 890 
891 822 889 
891 890 822 
892 891 889 
894 823 849 
850 894 849 
895 823 894 
823 895 824 
896 824 895 
824 896 827 
828 897 825 
826 825 897 
826 897 829 
898 827 896 
828 827 898 
899 828 898 
828 899 897 
829 897 900 
830 829 900 
900 901 830 
831 830 901 
901 902 831 
832 831 902 
902 903 832 
834 832 903 
835 904 833 
836 833 904 
903 905 834 
835 834 905 
905 906 835 
904 835 906 
904 907 836 
860 837 908 
908 864 860 
864 908 909 
909 863 864 
881 911 837 
881 910 911 
911 908 837 
847 838 912 
838 839 912 
912 839 913 
913 839 840 
909 914 863 
863 914 862 
862 914 846 
913 840 915 
915 840 842 
915 842 916 
916 842 841 
841 843 916 
917 916 843 
843 844 917 
846 918 845 
844 845 918 
918 917 844 
919 846 914 
919 918 846 
847 920 848 
847 912 920 
921 849 848 
921 848 920 
850 849 922 
921 922 849 
850 923 894 
850 924 923 
850 922 924 
925 873 851 
851 852 925 
926 925 852 
852 853 926 
927 926 853 
853 854 927 
928 927 854 
855 928 854 
855 929 928 
856 929 855 
857 929 856 
858 929 857 
858 890 930 
858 930 929 
862 859 931 
859 865 931 
860 932 861 
932 860 864 
879 861 933 
880 879 933 
933 861 932 
863 862 934 
934 862 931 
864 935 932 
935 864 863 
863 934 935 
936 865 866 
931 865 936 
867 937 866 
936 866 937 
868 938 867 
937 867 938 
870 939 868 
938 868 939 
940 869 871 
869 940 870 
939 870 940 
941 871 872 
871 941 940 
942 872 876 
872 942 941 
943 874 873 
873 925 943 
944 875 874 
874 943 944 
945 876 875 
876 945 942 
875 944 945 
882 877 946 
878 946 877 
947 946 878 
880 933 948 
949 880 948 
947 878 950 
878 879 950 
951 950 879 
880 951 879 
949 951 880 
881 882 952 
881 952 910 
953 910 952 
946 955 882 
882 955 952 
956 883 884 
956 888 883 
884 893 957 
957 956 884 
958 957 893 
887 959 885 
886 885 959 
886 959 889 
956 960 888 
960 887 888 
960 959 887 
889 959 961 
892 889 961 
890 891 962 
930 890 962 
963 891 892 
963 962 891 
892 961 964 
892 964 963 
893 966 958 
965 958 966 
967 894 923 
894 967 895 
968 895 967 
895 968 896 
969 896 968 
896 969 898 
899 970 897 
970 900 897 
898 969 971 
899 898 971 
899 971 970 
970 972 900 
901 900 972 
972 973 901 
902 901 973 
973 974 902 
903 902 974 
974 975 903 
905 903 975 
906 976 904 
907 904 976 
975 977 905 
906 905 977 
977 978 906 
976 906 978 
976 979 907 
923 980 967 
908 911 981 
981 909 908 
982 909 981 
982 914 909 
954 983 953 
953 983 910 
910 983 984 
911 910 984 
984 981 911 
920 912 986 
986 912 987 
913 987 912 
913 915 987 
982 988 914 
919 914 988 
987 915 989 
915 916 989 
916 917 989 
919 988 990 
919 990 918 
917 990 989 
918 990 917 
921 991 922 
921 920 991 
920 986 991 
922 992 924 
992 922 991 
980 923 993 
993 923 924 
992 994 924 
995 993 924 
995 924 994 
954 996 983 
996 985 983 
997 985 996 
999 943 925 
925 926 999 
1000 999 926 
926 927 1000 
1001 1000 927 
927 928 1001 
1002 1001 928 
928 929 1002 
930 962 1003 
930 1003 929 
1003 1002 929 
1004 934 931 
931 936 1004 
933 932 1005 
948 933 1005 
932 935 1005 
935 1006 1005 
1006 935 934 
934 1004 1006 
936 937 1007 
1004 936 1007 
1008 937 938 
937 1008 1007 
939 1009 938 
1008 938 1009 
1010 940 941 
940 1010 939 
1009 939 1010 
1011 941 942 
941 1011 1010 
1012 942 945 
942 1012 1011 
1013 944 943 
943 999 1013 
1014 945 944 
945 1014 1012 
944 1013 1014 
946 1015 955 
947 1015 946 
948 1005 1017 
1018 1015 947 
947 950 1018 
949 948 1019 
948 1017 1019 
949 1020 951 
949 1019 1020 
950 1021 1018 
950 951 1021 
951 1020 1021 
1022 952 955 
952 1022 953 
1022 1023 953 
954 953 1023 
954 1023 1024 
954 1024 996 
1016 1025 1015 
1025 955 1015 
955 1025 1022 
957 1026 956 
1026 960 956 
958 1027 957 
1027 1026 957 
958 965 1028 
1028 1027 958 
1029 1028 965 
1026 1032 960 
1032 959 960 
961 959 1032 
961 1032 1033 
1033 964 961 
963 964 1034 
963 1034 962 
962 1034 1003 
964 1033 1035 
1035 1034 964 
1038 1031 1039 
1031 1030 1039 
1040 1030 1029 
1039 1030 1040 
1041 1039 1040 
965 1042 1029 
1040 1029 1042 
966 1043 965 
1042 965 1043 
1044 967 980 
967 1044 968 
1045 968 1044 
968 1045 969 
1046 969 1045 
969 1046 971 
970 971 1047 
972 970 1047 
1046 1048 971 
1047 971 1048 
1047 1049 972 
973 972 1049 
1049 1050 973 
974 973 1050 
1050 1051 974 
975 974 1051 
1051 1052 975 
977 975 1052 
978 1053 976 
979 976 1053 
1052 1054 977 
978 977 1054 
1055 978 1054 
1053 978 1055 
1053 1056 979 
980 1058 1044 
1058 980 1059 
993 1059 980 
981 984 1060 
981 1060 982 
982 1060 988 
984 983 1061 
985 1061 983 
1061 1060 984 
998 1062 997 
998 1057 1062 
997 1062 985 
985 1062 1063 
1063 1061 985 
986 1064 991 
1064 986 1065 
987 1065 986 
1065 987 989 
988 1060 1066 
988 1066 990 
1065 989 1067 
1067 990 1066 
1067 989 990 
992 1068 994 
992 991 1068 
1068 991 1064 
1069 1068 1064 
1059 993 1070 
995 1070 993 
1071 994 1068 
995 1072 1070 
995 994 1072 
994 1071 1072 
1073 996 1024 
996 1073 997 
1073 1074 997 
998 997 1074 
998 1074 1075 
998 1075 1057 
1076 1013 999 
999 1000 1076 
1077 1002 1003 
1078 1076 1000 
1000 1001 1078 
1079 1078 1001 
1002 1079 1001 
1077 1079 1002 
1080 1003 1034 
1077 1003 1080 
1081 1006 1004 
1081 1004 1007 
1082 1005 1006 
1017 1005 1082 
1082 1006 1081 
1083 1081 1007 
1084 1007 1008 
1083 1007 1084 
1009 1085 1008 
1084 1008 1085 
1086 1010 1011 
1010 1086 1009 
1085 1009 1086 
1087 1011 1012 
1011 1087 1086 
1088 1012 1014 
1012 1088 1087 
1089 1014 1013 
1014 1089 1088 
1013 1076 1089 
1015 1090 1016 
1090 1015 1018 
1016 1090 1091 
1025 1016 1091 
1017 1082 1092 
1019 1017 1093 
1093 1017 1092 
1018 1094 1090 
1094 1018 1021 
1020 1019 1095 
1019 1093 1095 
1021 1096 1094 
1096 1021 1020 
1020 1095 1096 
1097 1022 1025 
1023 1022 1097 
1097 1098 1023 
1023 1098 1024 
1098 1099 1024 
1024 1099 1073 
1091 1100 1025 
1097 1025 1100 
1027 1101 1026 
1101 1032 1026 
1028 1102 1027 
1102 1101 1027 
1029 1103 1028 
1103 1102 1028 
1030 1103 1029 
1031 1038 1104 
1037 1104 1038 
1030 1105 1103 
1031 1104 1105 
1031 1105 1030 
1101 1106 1032 
1106 1033 1032 
1033 1106 1107 
1107 1035 1033 
1035 1108 1034 
1108 1080 1034 
1035 1107 1109 
1109 1108 1035 
1036 1110 1037 
1104 1037 1110 
1111 1110 1036 
1112 1111 1036 
1113 1112 1114 
1036 1114 1112 
1114 1036 1115 
1037 1115 1036 
1115 1037 1116 
1038 1116 1037 
1117 1038 1039 
1117 1116 1038 
1117 1039 1118 
1041 1118 1039 
1119 1040 1042 
1041 1040 1119 
1120 1041 1119 
1041 1120 1118 
1042 1043 1121 
1119 1042 1121 
1122 1044 1058 
1044 1122 1045 
1123 1045 1122 
1046 1045 1123 
1124 1046 1123 
1124 1048 1046 
1048 1125 1047 
1049 1047 1125 
1124 1126 1048 
1048 1126 1125 
1125 1127 1049 
1050 1049 1127 
1127 1128 1050 
1051 1050 1128 
1128 1129 1051 
1052 1051 1129 
1129 1130 1052 
1054 1052 1130 
1055 1131 1053 
1056 1053 1131 
1054 1130 1132 
1055 1054 1132 
1055 1132 1131 
1131 1133 1056 
1134 1057 1075 
1058 1135 1122 
1136 1062 1057 
1057 1134 1137 
1137 1136 1057 
1059 1139 1058 
1135 1058 1139 
1139 1059 1140 
1070 1140 1059 
1061 1141 1060 
1063 1141 1061 
1060 1141 1066 
1063 1062 1142 
1136 1142 1062 
1063 1142 1141 
1069 1064 1143 
1064 1065 1143 
1143 1065 1067 
1144 1066 1141 
1066 1144 1067 
1143 1067 1144 
1071 1068 1145 
1069 1145 1068 
1069 1146 1145 
1069 1143 1146 
1140 1070 1147 
1147 1070 1072 
1071 1148 1072 
1071 1145 1148 
1149 1147 1072 
1149 1072 1148 
1099 1150 1073 
1074 1073 1150 
1150 1151 1074 
1075 1074 1151 
1152 1075 1151 
1075 1152 1134 
1153 1089 1076 
1076 1078 1153 
1077 1080 1154 
1077 1154 1079 
1155 1153 1078 
1078 1079 1155 
1154 1155 1079 
1108 1156 1080 
1080 1156 1154 
1092 1082 1157 
1082 1081 1157 
1083 1157 1081 
1083 1158 1157 
1083 1084 1158 
1085 1159 1084 
1158 1084 1159 
1160 1086 1087 
1086 1160 1085 
1159 1085 1160 
1161 1087 1088 
1087 1161 1160 
1162 1088 1089 
1088 1162 1161 
1089 1153 1162 
1163 1158 1159 
1090 1164 1091 
1090 1094 1164 
1091 1165 1100 
1165 1091 1164 
1166 1092 1157 
1093 1092 1167 
1167 1092 1166 
1095 1093 1168 
1168 1093 1167 
1094 1169 1164 
1169 1094 1096 
1096 1170 1169 
1095 1170 1096 
1170 1095 1168 
1100 1171 1097 
1098 1097 1171 
1171 1172 1098 
1099 1098 1172 
1172 1173 1099 
1150 1099 1173 
1100 1174 1171 
1174 1100 1165 
1101 1102 1175 
1175 1106 1101 
1103 1176 1102 
1176 1175 1102 
1105 1176 1103 
1110 1177 1104 
1105 1177 1176 
1104 1177 1105 
1106 1175 1178 
1178 1107 1106 
1107 1178 1179 
1179 1109 1107 
1109 1180 1108 
1109 1179 1180 
1108 1180 1156 
1111 1181 1110 
1181 1177 1110 
1111 1112 1182 
1111 1182 1181 
1112 1113 1183 
1112 1183 1182 
1184 1182 1183 
1185 1183 1113 
1187 1185 1113 
1186 1185 1187 
1113 1114 1188 
1187 1113 1188 
1189 1188 1114 
1115 1189 1114 
1189 1115 1190 
1116 1190 1115 
1116 1191 1190 
1118 1191 1117 
1117 1191 1116 
1191 1118 1192 
1120 1192 1118 
1121 1193 1119 
1192 1120 1193 
1120 1119 1193 
1194 1122 1135 
1122 1194 1123 
1123 1194 1195 
1124 1123 1195 
1124 1195 1126 
1126 1196 1125 
1127 1125 1196 
1126 1195 1197 
1196 1126 1197 
1196 1198 1127 
1128 1127 1198 
1198 1199 1128 
1129 1128 1199 
1199 1200 1129 
1130 1129 1200 
1200 1201 1130 
1132 1130 1201 
1131 1132 1202 
1133 1131 1202 
1201 1203 1132 
1202 1132 1203 
1202 1204 1133 
1205 1137 1134 
1138 1137 1205 
1152 1206 1134 
1205 1134 1206 
1138 1205 1207 
1135 1208 1194 
1139 1209 1135 
1208 1135 1209 
1210 1142 1136 
1138 1211 1137 
1137 1211 1136 
1136 1211 1210 
1138 1207 1212 
1138 1212 1211 
1140 1213 1139 
1209 1139 1213 
1213 1140 1214 
1147 1214 1140 
1142 1215 1141 
1210 1215 1142 
1215 1144 1141 
1146 1143 1216 
1216 1144 1215 
1216 1143 1144 
1217 1146 1216 
1218 1148 1145 
1218 1145 1219 
1219 1145 1146 
1146 1217 1219 
1214 1147 1220 
1149 1220 1147 
1149 1221 1220 
1149 1148 1221 
1218 1221 1148 
1173 1222 1150 
1151 1150 1222 
1222 1223 1151 
1152 1151 1223 
1223 1224 1152 
1206 1152 1224 
1225 1162 1153 
1153 1155 1225 
1155 1226 1225 
1154 1226 1155 
1154 1156 1226 
1156 1180 1227 
1156 1227 1226 
1166 1157 1228 
1158 1228 1157 
1163 1228 1158 
1160 1161 1229 
1159 1160 1229 
1163 1159 1229 
1230 1161 1162 
1161 1230 1229 
1162 1225 1230 
1163 1231 1228 
1163 1229 1231 
1232 1166 1228 
1164 1233 1165 
1233 1164 1169 
1165 1234 1174 
1234 1165 1233 
1235 1167 1166 
1235 1166 1232 
1167 1236 1168 
1236 1167 1235 
1168 1237 1170 
1237 1168 1236 
1169 1238 1233 
1238 1169 1170 
1170 1237 1238 
1171 1239 1172 
1239 1171 1174 
1172 1240 1173 
1240 1172 1239 
1222 1173 1241 
1173 1240 1241 
1174 1242 1239 
1242 1174 1234 
1176 1243 1175 
1243 1178 1175 
1177 1243 1176 
1181 1244 1177 
1244 1243 1177 
1178 1243 1245 
1179 1178 1245 
1179 1245 1180 
1246 1180 1245 
1246 1227 1180 
1184 1247 1182 
1182 1247 1181 
1181 1247 1244 
1185 1248 1183 
1183 1248 1184 
1184 1249 1247 
1184 1248 1249 
1186 1250 1185 
1185 1250 1248 
1251 1248 1250 
1186 1252 1250 
1186 1187 1253 
1186 1253 1252 
1254 1187 1188 
1253 1187 1254 
1188 1189 1255 
1188 1255 1254 
1256 1189 1190 
1257 1189 1256 
1257 1255 1189 
1191 1192 1258 
1258 1190 1191 
1256 1190 1258 
1259 1256 1258 
1193 1260 1192 
1258 1192 1260 
1261 1194 1208 
1194 1261 1195 
1262 1195 1261 
1197 1195 1262 
1197 1263 1196 
1198 1196 1263 
1262 1264 1197 
1263 1197 1264 
1263 1265 1198 
1199 1198 1265 
1265 1266 1199 
1200 1199 1266 
1266 1267 1200 
1201 1200 1267 
1267 1268 1201 
1203 1201 1268 
1203 1269 1202 
1204 1202 1269 
1268 1270 1203 
1269 1203 1270 
1269 1271 1204 
1206 1272 1205 
1207 1205 1272 
1224 1273 1206 
1272 1206 1273 
1274 1212 1207 
1275 1207 1272 
1207 1275 1274 
1208 1276 1261 
1209 1277 1208 
1276 1208 1277 
1213 1278 1209 
1277 1209 1278 
1210 1211 1279 
1210 1279 1215 
1212 1280 1211 
1280 1279 1211 
1212 1274 1281 
1212 1281 1280 
1214 1282 1213 
1278 1213 1282 
1282 1214 1283 
1220 1283 1214 
1279 1284 1215 
1217 1216 1284 
1284 1216 1215 
1285 1217 1284 
1286 1219 1217 
1285 1286 1217 
1218 1287 1221 
1218 1219 1287 
1288 1287 1219 
1288 1219 1286 
1283 1220 1289 
1289 1220 1221 
1290 1289 1221 
1290 1221 1287 
1223 1222 1291 
1241 1291 1222 
1223 1292 1224 
1292 1223 1291 
1224 1293 1273 
1293 1224 1292 
1294 1227 1246 
1295 1230 1225 
1295 1225 1226 
1296 1295 1226 
1296 1226 1227 
1294 1297 1227 
1297 1296 1227 
1232 1228 1298 
1298 1228 1231 
1299 1229 1230 
1231 1229 1299 
1230 1295 1299 
1300 1231 1299 
1300 1298 1231 
1232 1301 1235 
1232 1298 1301 
1233 1302 1234 
1302 1233 1238 
1234 1303 1242 
1303 1234 1302 
1235 1304 1236 
1304 1235 1301 
1305 1237 1236 
1305 1236 1304 
1238 1306 1302 
1306 1238 1237 
1237 1305 1306 
1239 1307 1240 
1307 1239 1242 
1308 1241 1240 
1308 1240 1307 
1241 1309 1291 
1308 1309 1241 
1242 1310 1307 
1310 1242 1303 
1244 1247 1311 
1311 1245 1243 
1244 1311 1243 
1245 1311 1312 
1246 1245 1312 
1294 1246 1312 
1249 1313 1247 
1313 1311 1247 
1314 1313 1249 
1251 1315 1248 
1248 1315 1249 
1249 1315 1314 
1316 1314 1315 
1317 1315 1251 
1252 1318 1250 
1250 1318 1251 
1319 1251 1318 
1317 1251 1319 
1252 1320 1318 
1252 1253 1320 
1321 1253 1254 
1253 1321 1320 
1254 1255 1322 
1322 1321 1254 
1255 1257 1323 
1323 1322 1255 
1259 1324 1256 
1257 1256 1324 
1257 1324 1323 
1325 1324 1259 
1260 1326 1258 
1259 1258 1326 
1259 1326 1325 
1276 1327 1261 
1261 1327 1262 
1327 1328 1262 
1264 1262 1328 
1264 1329 1263 
1265 1263 1329 
1328 1330 1264 
1329 1264 1330 
1329 1331 1265 
1266 1265 1331 
1331 1332 1266 
1267 1266 1332 
1332 1333 1267 
1268 1267 1333 
1333 1334 1268 
1270 1268 1334 
1270 1335 1269 
1271 1269 1335 
1334 1336 1270 
1335 1270 1336 
1335 1337 1271 
1273 1338 1272 
1275 1272 1338 
1273 1339 1338 
1293 1339 1273 
1340 1281 1274 
1341 1274 1275 
1340 1274 1341 
1338 1342 1275 
1341 1275 1342 
1276 1343 1327 
1344 1276 1277 
1344 1343 1276 
1277 1278 1345 
1344 1277 1345 
1282 1346 1278 
1345 1278 1346 
1347 1345 1346 
1348 1284 1279 
1349 1348 1279 
1349 1279 1280 
1281 1350 1280 
1280 1350 1349 
1351 1281 1340 
1351 1350 1281 
1352 1282 1283 
1352 1346 1282 
1352 1283 1353 
1289 1353 1283 
1354 1284 1348 
1354 1285 1284 
1355 1285 1354 
1355 1356 1285 
1356 1286 1285 
1356 1357 1286 
1288 1286 1357 
1290 1287 1358 
1287 1288 1358 
1357 1358 1288 
1353 1289 1359 
1290 1359 1289 
1290 1358 1359 
1291 1360 1292 
1360 1291 1309 
1361 1293 1292 
1361 1292 1360 
1293 1362 1339 
1361 1362 1293 
1294 1312 1363 
1294 1363 1297 
1364 1299 1295 
1364 1295 1296 
1297 1363 1365 
1365 1364 1296 
1297 1365 1296 
1298 1366 1301 
1300 1366 1298 
1367 1299 1364 
1300 1367 1366 
1300 1299 1367 
1301 1368 1304 
1368 1301 1366 
1302 1369 1303 
1369 1302 1306 
1303 1370 1310 
1370 1303 1369 
1371 1305 1304 
1304 1368 1371 
1306 1372 1369 
1372 1306 1305 
1305 1371 1372 
1308 1373 1309 
1308 1307 1373 
1307 1310 1373 
1309 1374 1360 
1374 1309 1373 
1310 1375 1373 
1370 1375 1310 
1376 1363 1312 
1313 1377 1311 
1377 1312 1311 
1376 1312 1377 
1314 1378 1313 
1378 1377 1313 
1316 1379 1314 
1379 1378 1314 
1380 1379 1316 
1317 1381 1315 
1381 1316 1315 
1382 1316 1381 
1382 1380 1316 
1317 1319 1383 
1317 1383 1381 
1384 1318 1320 
1318 1384 1319 
1385 1319 1384 
1319 1385 1383 
1386 1384 1320 
1387 1386 1320 
1388 1320 1321 
1387 1320 1388 
1389 1388 1321 
1321 1322 1389 
1322 1323 1390 
1389 1322 1390 
1324 1325 1391 
1323 1324 1391 
1391 1390 1323 
1392 1391 1325 
1325 1326 1393 
1393 1392 1325 
1394 1327 1343 
1327 1394 1328 
1394 1395 1328 
1330 1328 1395 
1396 1394 1343 
1330 1397 1329 
1331 1329 1397 
1395 1398 1330 
1397 1330 1398 
1397 1399 1331 
1332 1331 1399 
1399 1400 1332 
1333 1332 1400 
1400 1401 1333 
1334 1333 1401 
1401 1402 1334 
1336 1334 1402 
1336 1403 1335 
1337 1335 1403 
1402 1404 1336 
1403 1336 1404 
1403 1405 1337 
1342 1338 1406 
1339 1406 1338 
1339 1407 1406 
1407 1339 1362 
1351 1340 1408 
1409 1340 1341 
1408 1340 1409 
1342 1410 1341 
1409 1341 1410 
1411 1410 1342 
1411 1342 1406 
1344 1345 1412 
1344 1412 1343 
1396 1343 1412 
1347 1413 1345 
1413 1412 1345 
1414 1346 1352 
1347 1415 1413 
1414 1415 1346 
1347 1346 1415 
1416 1354 1348 
1416 1348 1417 
1417 1348 1349 
1418 1417 1349 
1418 1349 1350 
1419 1418 1350 
1351 1408 1420 
1351 1420 1350 
1419 1350 1420 
1421 1420 1408 
1353 1422 1352 
1414 1352 1422 
1422 1353 1423 
1423 1353 1359 
1416 1424 1354 
1355 1354 1424 
1355 1424 1425 
1355 1425 1356 
1425 1426 1356 
1357 1356 1426 
1427 1358 1357 
1428 1357 1426 
1428 1427 1357 
1359 1429 1423 
1359 1358 1429 
1427 1429 1358 
1361 1430 1362 
1361 1360 1430 
1360 1374 1430 
1431 1407 1362 
1431 1362 1430 
1363 1376 1432 
1363 1432 1365 
1365 1432 1433 
1365 1433 1364 
1367 1364 1433 
1368 1366 1434 
1433 1434 1367 
1366 1367 1434 
1435 1371 1368 
1435 1368 1434 
1370 1369 1436 
1370 1436 1375 
1369 1372 1436 
1372 1437 1436 
1371 1437 1372 
1371 1435 1437 
1374 1373 1438 
1438 1373 1375 
1439 1430 1374 
1439 1374 1438 
1375 1440 1438 
1375 1436 1440 
1441 1432 1376 
1378 1442 1377 
1441 1376 1442 
1377 1442 1376 
1443 1378 1379 
1443 1442 1378 
1380 1444 1379 
1443 1379 1444 
1445 1380 1382 
1445 1446 1380 
1446 1444 1380 
1447 1381 1383 
1382 1381 1447 
1447 1448 1382 
1445 1382 1448 
1449 1383 1385 
1383 1449 1447 
1450 1385 1384 
1451 1450 1384 
1451 1384 1386 
1452 1385 1450 
1452 1453 1385 
1453 1449 1385 
1386 1454 1451 
1386 1387 1454 
1389 1390 1455 
1388 1389 1455 
1388 1455 1387 
1387 1455 1454 
1456 1455 1390 
1391 1392 1457 
1457 1390 1391 
1390 1457 1456 
1392 1393 1458 
1458 1457 1392 
1396 1459 1394 
1394 1459 1395 
1459 1460 1395 
1398 1395 1460 
1396 1412 1461 
1396 1461 1459 
1398 1462 1397 
1399 1397 1462 
1460 1463 1398 
1462 1398 1463 
1462 1464 1399 
1400 1399 1464 
1464 1465 1400 
1401 1400 1465 
1465 1466 1401 
1402 1401 1466 
1466 1467 1402 
1404 1402 1467 
1404 1468 1403 
1405 1403 1468 
1469 1404 1467 
1469 1468 1404 
1468 1470 1405 
1411 1406 1471 
1472 1406 1407 
1472 1471 1406 
1472 1407 1473 
1431 1473 1407 
1474 1408 1409 
1421 1408 1474 
1410 1475 1409 
1474 1409 1475 
1475 1410 1476 
1411 1476 1410 
1411 1471 1476 
1413 1477 1412 
1461 1412 1477 
1413 1415 1478 
1413 1478 1477 
1414 1422 1479 
1414 1479 1415 
1479 1480 1415 
1480 1478 1415 
1421 1474 1481 
1416 1482 1424 
1416 1417 1482 
1482 1417 1483 
1483 1417 1418 
1483 1418 1484 
1419 1484 1418 
1485 1421 1481 
1419 1486 1484 
1419 1420 1486 
1485 1487 1421 
1421 1487 1420 
1487 1486 1420 
1422 1423 1488 
1422 1488 1479 
1423 1489 1488 
1489 1423 1429 
1482 1490 1424 
1425 1424 1490 
1491 1425 1490 
1426 1425 1491 
1492 1426 1491 
1428 1426 1492 
1492 1493 1428 
1427 1493 1429 
1428 1493 1427 
1489 1429 1494 
1494 1429 1493 
1431 1495 1473 
1431 1430 1495 
1430 1439 1495 
1496 1473 1495 
1432 1441 1497 
1432 1497 1433 
1433 1497 1434 
1435 1498 1437 
1435 1434 1498 
1498 1434 1497 
1440 1436 1499 
1437 1499 1436 
1499 1437 1498 
1439 1500 1495 
1439 1438 1500 
1438 1440 1500 
1501 1440 1499 
1440 1501 1500 
1502 1497 1441 
1503 1441 1442 
1503 1502 1441 
1443 1444 1504 
1443 1504 1442 
1442 1504 1503 
1505 1504 1444 
1446 1506 1444 
1505 1444 1506 
1445 1448 1507 
1445 1507 1446 
1507 1508 1446 
1508 1506 1446 
1449 1509 1447 
1448 1447 1509 
1509 1510 1448 
1510 1507 1448 
1511 1449 1453 
1511 1512 1449 
1512 1509 1449 
1451 1454 1513 
1450 1451 1513 
1450 1513 1452 
1452 1513 1514 
1453 1452 1514 
1453 1514 1511 
1515 1513 1454 
1456 1516 1455 
1455 1516 1454 
1454 1516 1515 
1456 1457 1517 
1456 1517 1516 
1457 1458 1518 
1518 1517 1457 
1463 1460 1519 
1459 1461 1520 
1460 1459 1520 
1519 1460 1520 
1461 1477 1521 
1521 1520 1461 
1463 1522 1462 
1464 1462 1522 
1519 1523 1463 
1522 1463 1523 
1522 1524 1464 
1465 1464 1524 
1524 1525 1465 
1466 1465 1525 
1525 1526 1466 
1467 1466 1526 
1467 1526 1527 
1469 1467 1527 
1469 1527 1528 
1469 1528 1468 
1470 1468 1528 
1529 1528 1527 
1528 1530 1470 
1531 1476 1471 
1531 1471 1532 
1472 1532 1471 
1472 1473 1532 
1533 1532 1473 
1496 1533 1473 
1475 1534 1474 
1481 1474 1534 
1536 1534 1475 
1536 1475 1476 
1536 1476 1537 
1531 1537 1476 
1534 1538 1481 
1535 1538 1534 
1539 1481 1538 
1477 1478 1540 
1540 1521 1477 
1478 1480 1541 
1541 1540 1478 
1542 1479 1488 
1479 1542 1480 
1542 1543 1480 
1541 1480 1543 
1539 1544 1481 
1485 1481 1544 
1545 1490 1482 
1482 1483 1545 
1546 1490 1545 
1547 1545 1483 
1484 1547 1483 
1484 1548 1547 
1548 1484 1486 
1549 1485 1544 
1485 1549 1487 
1549 1550 1487 
1486 1550 1548 
1487 1550 1486 
1551 1488 1489 
1488 1551 1542 
1552 1551 1489 
1494 1552 1489 
1546 1553 1490 
1553 1491 1490 
1546 1554 1553 
1553 1555 1491 
1555 1492 1491 
1555 1556 1492 
1556 1493 1492 
1556 1557 1493 
1494 1493 1557 
1557 1552 1494 
1496 1495 1558 
1558 1495 1500 
1496 1559 1533 
1496 1558 1559 
1502 1560 1497 
1501 1499 1560 
1499 1498 1560 
1498 1497 1560 
1558 1500 1561 
1561 1500 1501 
1562 1561 1501 
1562 1501 1560 
1563 1502 1503 
1563 1564 1502 
1564 1560 1502 
1565 1503 1504 
1563 1503 1565 
1566 1504 1505 
1566 1565 1504 
1567 1505 1506 
1567 1568 1505 
1568 1566 1505 
1569 1506 1508 
1567 1506 1569 
1510 1570 1507 
1507 1570 1508 
1570 1571 1508 
1569 1508 1571 
1572 1509 1512 
1572 1573 1509 
1573 1510 1509 
1574 1570 1510 
1575 1510 1573 
1575 1574 1510 
1511 1514 1576 
1512 1511 1576 
1512 1576 1572 
1513 1515 1577 
1577 1514 1513 
1514 1577 1578 
1578 1576 1514 
1579 1577 1515 
1580 1515 1516 
1579 1515 1580 
1581 1516 1517 
1581 1580 1516 
1517 1518 1582 
1582 1581 1517 
1583 1523 1519 
1584 1519 1520 
1584 1583 1519 
1585 1520 1521 
1584 1520 1585 
1521 1540 1586 
1586 1585 1521 
1523 1588 1522 
1524 1522 1588 
1587 1589 1583 
1583 1589 1523 
1523 1589 1588 
1588 1590 1524 
1525 1524 1590 
1590 1591 1525 
1526 1525 1591 
1591 1592 1526 
1527 1526 1592 
1593 1527 1592 
1529 1527 1593 
1529 1593 1594 
1529 1594 1528 
1530 1528 1594 
1530 1594 1595 
1531 1596 1537 
1531 1532 1596 
1533 1559 1597 
1597 1598 1533 
1596 1532 1598 
1533 1598 1532 
1599 1534 1536 
1535 1534 1599 
1600 1538 1535 
1535 1599 1600 
1599 1536 1601 
1601 1536 1537 
1537 1602 1601 
1537 1596 1602 
1538 1600 1603 
1604 1538 1603 
1604 1539 1538 
1604 1605 1539 
1539 1605 1544 
1540 1541 1606 
1606 1586 1540 
1541 1543 1607 
1607 1606 1541 
1608 1542 1551 
1542 1608 1543 
1543 1608 1609 
1609 1607 1543 
1605 1610 1544 
1544 1610 1549 
1554 1546 1611 
1545 1547 1611 
1546 1545 1611 
1612 1547 1548 
1547 1612 1611 
1613 1548 1550 
1548 1613 1612 
1610 1614 1549 
1614 1550 1549 
1550 1614 1613 
1615 1608 1551 
1551 1552 1615 
1552 1557 1616 
1616 1615 1552 
1554 1611 1617 
1554 1617 1618 
1554 1618 1553 
1553 1618 1555 
1618 1619 1555 
1556 1555 1619 
1619 1620 1556 
1620 1616 1557 
1557 1556 1620 
1621 1559 1558 
1558 1561 1621 
1622 1597 1559 
1559 1621 1622 
1623 1560 1564 
1562 1560 1623 
1561 1624 1621 
1561 1562 1624 
1562 1623 1624 
1625 1563 1565 
1563 1625 1564 
1626 1564 1625 
1626 1627 1564 
1627 1623 1564 
1628 1565 1566 
1565 1628 1625 
1629 1566 1568 
1629 1628 1566 
1630 1628 1629 
1567 1569 1631 
1567 1631 1568 
1632 1568 1631 
1568 1632 1629 
1571 1633 1569 
1631 1569 1633 
1634 1570 1574 
1634 1635 1570 
1635 1571 1570 
1636 1633 1571 
1637 1636 1571 
1637 1571 1635 
1572 1576 1638 
1573 1572 1638 
1573 1638 1575 
1575 1638 1639 
1574 1575 1639 
1574 1639 1634 
1576 1578 1640 
1640 1638 1576 
1641 1640 1578 
1579 1642 1577 
1577 1642 1578 
1578 1642 1641 
1579 1580 1643 
1579 1643 1642 
1580 1581 1644 
1580 1644 1643 
1581 1582 1645 
1645 1644 1581 
1584 1585 1646 
1584 1646 1583 
1587 1583 1646 
1585 1586 1647 
1647 1646 1585 
1586 1606 1648 
1648 1647 1586 
1649 1589 1587 
1587 1646 1650 
1587 1650 1649 
1651 1588 1589 
1590 1588 1651 
1649 1652 1589 
1652 1651 1589 
1590 1651 1653 
1591 1590 1653 
1653 1654 1591 
1592 1591 1654 
1654 1655 1592 
1593 1592 1655 
1655 1656 1593 
1593 1656 1594 
1657 1594 1656 
1595 1594 1657 
1657 1658 1595 
1659 1602 1596 
1596 1598 1659 
1597 1622 1660 
1661 1597 1660 
1661 1659 1598 
1598 1597 1661 
1600 1599 1662 
1599 1601 1662 
1663 1600 1662 
1663 1603 1600 
1662 1601 1664 
1664 1601 1602 
1602 1665 1664 
1602 1659 1665 
1663 1666 1603 
1604 1667 1605 
1604 1603 1667 
1603 1666 1667 
1605 1667 1668 
1668 1610 1605 
1606 1607 1669 
1669 1648 1606 
1607 1609 1670 
1670 1669 1607 
1671 1609 1608 
1608 1615 1671 
1672 1670 1609 
1609 1671 1672 
1668 1673 1610 
1610 1673 1614 
1674 1611 1612 
1617 1611 1674 
1612 1613 1675 
1675 1674 1612 
1673 1676 1614 
1614 1676 1613 
1676 1675 1613 
1615 1616 1677 
1677 1671 1615 
1678 1617 1674 
1679 1677 1616 
1616 1620 1679 
1678 1680 1617 
1617 1680 1618 
1618 1680 1619 
1619 1680 1681 
1681 1679 1620 
1620 1619 1681 
1682 1622 1621 
1682 1621 1624 
1683 1660 1622 
1622 1682 1683 
1684 1682 1624 
1685 1623 1627 
1684 1624 1686 
1685 1686 1623 
1686 1624 1623 
1687 1625 1628 
1626 1625 1687 
1626 1687 1688 
1626 1688 1627 
1689 1627 1688 
1689 1685 1627 
1690 1685 1689 
1691 1628 1630 
1691 1687 1628 
1632 1692 1629 
1630 1629 1692 
1630 1692 1693 
1630 1693 1691 
1694 1631 1633 
1631 1694 1632 
1694 1695 1632 
1692 1632 1695 
1696 1633 1636 
1696 1697 1633 
1697 1694 1633 
1698 1694 1697 
1634 1639 1699 
1635 1634 1699 
1635 1699 1637 
1637 1699 1700 
1636 1637 1700 
1636 1700 1696 
1638 1640 1701 
1701 1639 1638 
1639 1701 1702 
1702 1699 1639 
1640 1641 1703 
1703 1701 1640 
1704 1703 1641 
1705 1641 1642 
1704 1641 1705 
1642 1643 1706 
1706 1705 1642 
1643 1644 1707 
1707 1706 1643 
1644 1645 1708 
1708 1707 1644 
1709 1646 1647 
1650 1646 1709 
1647 1648 1710 
1710 1709 1647 
1648 1669 1711 
1711 1710 1648 
1649 1650 1712 
1649 1712 1652 
1650 1709 1713 
1650 1713 1712 
1652 1714 1651 
1714 1653 1651 
1715 1652 1712 
1714 1652 1715 
1714 1716 1653 
1654 1653 1716 
1716 1717 1654 
1655 1654 1717 
1717 1718 1655 
1655 1718 1656 
1718 1719 1656 
1656 1719 1657 
1719 1720 1657 
1658 1657 1720 
1720 1721 1658 
1722 1723 1683 
1683 1723 1660 
1665 1659 1724 
1659 1661 1724 
1725 1660 1723 
1724 1661 1725 
1660 1725 1661 
1662 1664 1726 
1663 1662 1726 
1663 1726 1666 
1664 1665 1727 
1664 1727 1726 
1728 1665 1724 
1665 1728 1727 
1729 1667 1666 
1666 1726 1730 
1666 1730 1729 
1668 1667 1731 
1729 1731 1667 
1668 1731 1673 
1669 1670 1732 
1732 1711 1669 
1733 1732 1670 
1734 1733 1670 
1734 1670 1672 
1672 1735 1734 
1671 1677 1735 
1672 1671 1735 
1673 1731 1736 
1673 1736 1676 
1674 1675 1737 
1678 1674 1737 
1676 1736 1738 
1675 1676 1738 
1675 1738 1737 
1739 1735 1677 
1677 1679 1739 
1678 1737 1740 
1678 1740 1680 
1741 1740 1737 
1742 1739 1679 
1679 1681 1742 
1740 1743 1680 
1743 1742 1681 
1743 1681 1680 
1722 1683 1744 
1744 1683 1682 
1684 1744 1682 
1745 1744 1684 
1745 1684 1746 
1746 1684 1686 
1746 1686 1747 
1690 1747 1685 
1747 1686 1685 
1748 1687 1691 
1748 1688 1687 
1749 1688 1748 
1750 1747 1690 
1749 1751 1688 
1751 1689 1688 
1752 1689 1751 
1752 1690 1689 
1753 1690 1752 
1753 1750 1690 
1754 1691 1693 
1691 1754 1748 
1695 1755 1692 
1693 1692 1755 
1756 1693 1755 
1693 1756 1754 
1698 1757 1694 
1757 1695 1694 
1695 1757 1758 
1758 1755 1695 
1696 1700 1759 
1697 1696 1759 
1697 1759 1698 
1698 1759 1760 
1760 1757 1698 
1699 1702 1761 
1761 1700 1699 
1700 1761 1762 
1762 1759 1700 
1763 1761 1702 
1701 1703 1764 
1764 1702 1701 
1702 1764 1763 
1704 1765 1703 
1703 1765 1764 
1704 1705 1766 
1704 1766 1765 
1767 1705 1706 
1705 1767 1766 
1706 1707 1768 
1768 1767 1706 
1707 1708 1769 
1769 1768 1707 
1709 1710 1770 
1770 1713 1709 
1710 1711 1771 
1771 1770 1710 
1711 1732 1772 
1772 1771 1711 
1773 1715 1712 
1774 1712 1713 
1773 1712 1774 
1713 1770 1775 
1775 1774 1713 
1715 1776 1714 
1716 1714 1776 
1773 1777 1715 
1776 1715 1777 
1776 1778 1716 
1717 1716 1778 
1778 1779 1717 
1718 1717 1779 
1779 1780 1718 
1719 1718 1780 
1780 1782 1719 
1720 1719 1782 
1782 1783 1720 
1783 1781 1721 
1721 1720 1783 
1722 1744 1784 
1722 1785 1723 
1785 1722 1784 
1786 1723 1785 
1786 1787 1723 
1725 1723 1787 
1787 1788 1725 
1724 1725 1788 
1788 1728 1724 
1789 1787 1786 
1790 1726 1727 
1730 1726 1790 
1791 1727 1728 
1727 1791 1790 
1728 1788 1792 
1728 1792 1791 
1729 1730 1793 
1729 1793 1731 
1730 1790 1794 
1730 1794 1793 
1793 1795 1731 
1795 1736 1731 
1796 1736 1795 
1797 1732 1733 
1798 1772 1732 
1797 1798 1732 
1734 1735 1799 
1733 1799 1797 
1733 1734 1799 
1800 1799 1735 
1735 1739 1800 
1796 1801 1736 
1801 1738 1736 
1802 1737 1738 
1741 1737 1802 
1803 1738 1801 
1803 1802 1738 
1804 1800 1739 
1739 1742 1804 
1805 1741 1802 
1805 1806 1741 
1741 1806 1740 
1740 1806 1743 
1807 1743 1806 
1807 1804 1742 
1742 1743 1807 
1784 1744 1808 
1745 1808 1744 
1808 1745 1809 
1745 1746 1809 
1750 1810 1747 
1809 1746 1810 
1810 1746 1747 
1811 1748 1754 
1749 1748 1811 
1749 1811 1812 
1749 1812 1751 
1750 1813 1810 
1814 1813 1750 
1753 1814 1750 
1815 1751 1812 
1751 1815 1752 
1816 1752 1815 
1753 1816 1814 
1753 1752 1816 
1817 1754 1756 
1811 1754 1817 
1755 1758 1818 
1818 1756 1755 
1756 1818 1819 
1819 1817 1756 
1757 1760 1820 
1820 1758 1757 
1758 1820 1821 
1821 1818 1758 
1759 1762 1822 
1822 1760 1759 
1760 1822 1823 
1823 1820 1760 
1824 1822 1762 
1761 1763 1825 
1825 1762 1761 
1762 1825 1824 
1826 1825 1763 
1764 1765 1827 
1827 1763 1764 
1763 1827 1826 
1828 1827 1765 
1829 1765 1766 
1828 1765 1829 
1766 1767 1830 
1830 1829 1766 
1767 1768 1831 
1831 1830 1767 
1768 1769 1832 
1832 1831 1768 
1770 1771 1833 
1833 1775 1770 
1771 1772 1834 
1834 1833 1771 
1835 1772 1798 
1836 1834 1772 
1835 1836 1772 
1773 1774 1837 
1773 1837 1777 
1774 1775 1838 
1838 1837 1774 
1775 1833 1839 
1839 1838 1775 
1777 1840 1776 
1778 1776 1840 
1837 1841 1777 
1840 1777 1841 
1840 1842 1778 
1779 1778 1842 
1842 1843 1779 
1780 1779 1843 
1843 1844 1780 
1782 1780 1844 
1846 1845 1781 
1781 1783 1846 
1844 1847 1782 
1783 1782 1847 
1847 1846 1783 
1848 1784 1808 
1785 1784 1849 
1848 1849 1784 
1850 1785 1849 
1786 1785 1850 
1789 1786 1850 
1789 1851 1787 
1787 1851 1788 
1788 1851 1792 
1789 1850 1852 
1789 1852 1851 
1790 1791 1853 
1790 1853 1794 
1792 1851 1854 
1854 1855 1792 
1791 1792 1855 
1853 1791 1855 
1793 1794 1856 
1793 1856 1795 
1857 1794 1853 
1794 1857 1856 
1796 1858 1801 
1856 1859 1795 
1796 1859 1858 
1796 1795 1859 
1797 1799 1860 
1798 1797 1860 
1798 1860 1835 
1861 1860 1799 
1799 1800 1861 
1862 1861 1800 
1800 1804 1862 
1863 1801 1858 
1803 1801 1863 
1803 1863 1864 
1803 1864 1802 
1805 1802 1864 
1865 1862 1804 
1804 1807 1865 
1805 1864 1866 
1805 1866 1806 
1866 1867 1806 
1867 1865 1807 
1867 1807 1806 
1848 1808 1868 
1808 1809 1868 
1869 1810 1813 
1869 1868 1809 
1809 1810 1869 
1869 1813 1870 
1871 1811 1817 
1811 1871 1812 
1872 1812 1871 
1812 1872 1815 
1873 1870 1813 
1813 1814 1873 
1873 1814 1874 
1814 1816 1874 
1875 1815 1872 
1875 1874 1816 
1816 1815 1875 
1817 1819 1876 
1876 1871 1817 
1818 1821 1877 
1877 1819 1818 
1819 1877 1878 
1878 1876 1819 
1820 1823 1879 
1879 1821 1820 
1821 1879 1880 
1880 1877 1821 
1822 1824 1881 
1881 1823 1822 
1823 1881 1882 
1882 1879 1823 
1883 1881 1824 
1825 1826 1884 
1884 1824 1825 
1824 1884 1883 
1885 1884 1826 
1828 1886 1827 
1827 1886 1826 
1826 1886 1885 
1828 1829 1887 
1828 1887 1886 
1829 1830 1888 
1829 1888 1887 
1830 1831 1889 
1889 1888 1830 
1831 1832 1890 
1890 1889 1831 
1833 1834 1891 
1891 1839 1833 
1892 1834 1836 
1893 1891 1834 
1892 1893 1834 
1836 1894 1892 
1835 1860 1894 
1836 1835 1894 
1837 1838 1895 
1895 1841 1837 
1838 1839 1896 
1896 1895 1838 
1839 1891 1897 
1897 1896 1839 
1898 1840 1841 
1842 1840 1898 
1899 1898 1841 
1900 1841 1895 
1899 1841 1900 
1898 1901 1842 
1843 1842 1901 
1901 1903 1843 
1844 1843 1903 
1903 1904 1844 
1847 1844 1904 
1905 1902 1845 
1845 1846 1905 
1904 1906 1847 
1906 1905 1846 
1846 1847 1906 
1849 1848 1907 
1848 1868 1907 
1907 1908 1849 
1849 1908 1850 
1909 1850 1908 
1852 1850 1909 
1852 1909 1910 
1852 1910 1851 
1854 1851 1910 
1911 1854 1910 
1855 1912 1853 
1853 1912 1857 
1911 1913 1854 
1913 1855 1854 
1913 1912 1855 
1914 1856 1857 
1856 1914 1859 
1915 1857 1912 
1857 1915 1914 
1916 1915 1912 
1858 1917 1863 
1859 1914 1918 
1859 1918 1858 
1917 1858 1918 
1919 1894 1860 
1860 1861 1919 
1920 1919 1861 
1861 1862 1920 
1921 1920 1862 
1862 1865 1921 
1863 1917 1922 
1864 1863 1922 
1864 1922 1866 
1923 1921 1865 
1865 1867 1923 
1924 1866 1922 
1924 1923 1867 
1866 1924 1867 
1870 1925 1869 
1925 1907 1868 
1868 1869 1925 
1926 1907 1925 
1927 1925 1870 
1928 1870 1873 
1870 1928 1927 
1871 1876 1929 
1929 1872 1871 
1872 1929 1930 
1930 1875 1872 
1931 1873 1874 
1873 1931 1928 
1875 1930 1932 
1932 1874 1875 
1874 1932 1931 
1876 1878 1933 
1933 1929 1876 
1877 1880 1934 
1934 1878 1877 
1878 1934 1935 
1935 1933 1878 
1936 1934 1880 
1879 1882 1937 
1937 1880 1879 
1880 1937 1936 
1881 1883 1938 
1938 1882 1881 
1882 1938 1939 
1939 1937 1882 
1940 1938 1883 
1885 1941 1884 
1941 1883 1884 
1883 1941 1940 
1942 1941 1885 
1943 1885 1886 
1942 1885 1943 
1944 1943 1886 
1887 1944 1886 
1887 1888 1945 
1887 1945 1944 
1888 1889 1946 
1946 1945 1888 
1889 1890 1947 
1947 1946 1889 
1948 1891 1893 
1949 1897 1891 
1948 1949 1891 
1892 1894 1950 
1893 1892 1950 
1893 1950 1948 
1951 1950 1894 
1894 1919 1951 
1895 1896 1952 
1952 1900 1895 
1896 1897 1953 
1953 1952 1896 
1954 1953 1897 
1955 1954 1897 
1955 1897 1949 
1899 1956 1898 
1956 1901 1898 
1899 1900 1957 
1899 1957 1956 
1900 1952 1958 
1957 1900 1958 
1956 1959 1901 
1903 1901 1959 
1902 1905 1960 
1960 1961 1902 
1959 1962 1903 
1904 1903 1962 
1962 1963 1904 
1906 1904 1963 
1963 1964 1906 
1960 1905 1964 
1905 1906 1964 
1926 1965 1907 
1908 1907 1965 
1965 1966 1908 
1909 1908 1966 
1966 1967 1909 
1909 1967 1910 
1968 1910 1967 
1911 1910 1968 
1969 1922 1917 
1911 1968 1970 
1911 1970 1913 
1971 1913 1970 
1913 1971 1912 
1916 1912 1971 
1916 1971 1972 
1915 1973 1914 
1914 1973 1918 
1972 1974 1916 
1916 1974 1915 
1974 1973 1915 
1975 1917 1918 
1969 1917 1975 
1976 1918 1973 
1975 1918 1976 
1977 1951 1919 
1919 1920 1977 
1978 1977 1920 
1920 1921 1978 
1979 1978 1921 
1921 1923 1979 
1969 1980 1922 
1980 1924 1922 
1980 1981 1924 
1981 1979 1923 
1923 1924 1981 
1927 1982 1925 
1926 1925 1982 
1926 1982 1965 
1983 1965 1982 
1927 1928 1984 
1927 1984 1982 
1985 1928 1931 
1928 1985 1984 
1929 1933 1986 
1986 1930 1929 
1930 1986 1987 
1987 1932 1930 
1932 1987 1988 
1988 1931 1932 
1931 1988 1985 
1933 1935 1989 
1989 1986 1933 
1934 1936 1990 
1990 1935 1934 
1935 1990 1991 
1991 1989 1935 
1992 1990 1936 
1937 1939 1993 
1993 1936 1937 
1936 1993 1992 
1938 1940 1994 
1994 1939 1938 
1939 1994 1995 
1995 1993 1939 
1996 1994 1940 
1942 1997 1941 
1940 1941 1997 
1940 1997 1996 
1942 1943 1998 
1942 1998 1997 
1943 1944 1999 
1999 1998 1943 
1944 1945 2000 
2000 1999 1944 
1945 1946 2001 
2001 2000 1945 
1946 1947 2002 
2002 2001 1946 
1948 1950 2003 
1949 1948 2003 
1949 2003 1955 
2004 2003 1950 
1950 1951 2004 
2005 2004 1951 
1951 1977 2005 
1952 1953 2006 
2006 1958 1952 
2007 2006 1953 
2008 2007 1953 
2008 1953 1954 
1954 2009 2008 
1955 2003 2009 
1954 1955 2009 
1956 1957 2010 
1959 1956 2010 
1957 1958 2011 
2011 2010 1957 
1958 2006 2012 
2012 2011 1958 
2013 1959 2010 
1962 1959 2013 
2014 2013 2010 
1960 1964 2016 
1961 2016 2015 
1960 2016 1961 
2013 2017 1962 
1963 1962 2017 
2017 2018 1963 
1964 1963 2018 
2016 1964 2018 
1983 2020 1965 
1966 1965 2020 
2020 2021 1966 
1967 1966 2021 
2021 2022 1967 
1968 1967 2022 
2022 2023 1968 
1970 1968 2023 
1969 1975 2024 
1969 2024 1980 
1970 2023 2025 
1971 1970 2025 
1972 1971 2025 
1972 2025 2026 
1972 2026 1974 
1974 2026 2027 
1974 2027 1973 
1976 1973 2027 
1976 2028 1975 
2024 1975 2028 
2029 1976 2027 
2029 2028 1976 
2030 2005 1977 
1977 1978 2030 
2031 2030 1978 
1978 1979 2031 
2032 2031 1979 
1979 1981 2032 
2024 2033 1980 
2033 2032 1981 
1981 1980 2033 
2020 1983 2034 
1984 2035 1982 
2036 1982 2035 
1983 1982 2036 
1983 2036 2034 
2037 1984 1985 
2035 1984 2037 
2038 1985 1988 
2037 1985 2038 
1986 1989 2039 
2039 1987 1986 
1987 2039 2040 
2040 1988 1987 
1988 2040 2038 
1989 1991 2041 
2041 2039 1989 
1990 1992 2042 
2042 1991 1990 
1991 2042 2043 
2043 2041 1991 
2044 2042 1992 
1993 1995 2045 
2045 1992 1993 
1992 2045 2044 
1996 2046 1994 
2046 1995 1994 
2046 2047 1995 
2047 2045 1995 
2048 2046 1996 
1996 1997 2049 
2048 1996 2049 
1998 2050 1997 
2050 2049 1997 
1998 1999 2051 
2051 2050 1998 
1999 2000 2052 
2052 2051 1999 
2000 2001 2053 
2053 2052 2000 
2001 2002 2054 
2054 2053 2001 
2055 2009 2003 
2003 2004 2055 
2056 2055 2004 
2004 2005 2056 
2057 2056 2005 
2005 2030 2057 
2058 2012 2006 
2059 2058 2006 
2059 2006 2007 
2008 2009 2060 
2007 2008 2060 
2007 2060 2059 
2061 2060 2009 
2009 2055 2061 
2062 2010 2011 
2014 2010 2062 
2011 2012 2063 
2063 2062 2011 
2064 2063 2012 
2065 2064 2012 
2065 2012 2058 
2014 2066 2013 
2066 2017 2013 
2014 2062 2067 
2014 2067 2066 
2068 2019 2015 
2015 2016 2068 
2018 2069 2016 
2069 2068 2016 
2017 2066 2070 
2070 2069 2018 
2018 2017 2070 
2072 2071 2019 
2019 2068 2072 
2034 2073 2020 
2021 2020 2073 
2073 2074 2021 
2022 2021 2074 
2074 2075 2022 
2023 2022 2075 
2075 2076 2023 
2076 2025 2023 
2028 2077 2024 
2033 2024 2077 
2078 2025 2076 
2026 2025 2078 
2026 2078 2079 
2026 2079 2027 
2080 2027 2079 
2029 2027 2080 
2029 2080 2081 
2029 2081 2028 
2081 2077 2028 
2082 2057 2030 
2030 2031 2082 
2083 2082 2031 
2031 2032 2083 
2077 2084 2033 
2084 2083 2032 
2032 2033 2084 
2085 2035 2037 
2073 2034 2086 
2034 2036 2087 
2087 2086 2034 
2085 2088 2035 
2035 2088 2036 
2087 2036 2088 
2089 2037 2038 
2085 2037 2089 
2090 2038 2040 
2089 2038 2090 
2039 2041 2091 
2091 2040 2039 
2040 2091 2090 
2041 2043 2092 
2092 2091 2041 
2093 2092 2043 
2042 2044 2094 
2094 2043 2042 
2043 2094 2093 
2044 2095 2094 
2045 2047 2096 
2096 2044 2045 
2044 2096 2095 
2097 2096 2047 
2048 2098 2046 
2046 2098 2047 
2097 2047 2098 
2048 2049 2099 
2048 2099 2098 
2049 2050 2100 
2049 2100 2099 
2050 2051 2101 
2101 2100 2050 
2051 2052 2102 
2102 2101 2051 
2052 2053 2103 
2103 2102 2052 
2053 2054 2104 
2104 2103 2053 
2105 2061 2055 
2055 2056 2105 
2106 2105 2056 
2056 2057 2106 
2107 2106 2057 
2057 2082 2107 
2059 2060 2108 
2058 2059 2108 
2058 2108 2065 
2109 2108 2060 
2060 2061 2109 
2110 2109 2061 
2061 2105 2110 
2062 2063 2111 
2111 2067 2062 
2112 2063 2064 
2112 2113 2063 
2113 2111 2063 
2065 2108 2114 
2064 2065 2114 
2064 2114 2112 
2066 2067 2115 
2070 2066 2115 
2067 2111 2116 
2116 2115 2067 
2068 2069 2117 
2117 2072 2068 
2070 2115 2118 
2118 2117 2069 
2069 2070 2118 
2119 2118 2115 
2121 2120 2071 
2071 2072 2121 
2072 2117 2122 
2122 2121 2072 
2086 2123 2073 
2074 2073 2123 
2123 2124 2074 
2075 2074 2124 
2124 2125 2075 
2076 2075 2125 
2125 2126 2076 
2078 2076 2126 
2077 2081 2127 
2084 2077 2127 
2126 2128 2078 
2079 2078 2128 
2128 2129 2079 
2080 2079 2129 
2129 2130 2080 
2081 2080 2130 
2130 2127 2081 
2131 2107 2082 
2082 2083 2131 
2132 2084 2127 
2132 2131 2083 
2083 2084 2132 
2133 2132 2127 
2134 2085 2089 
2134 2135 2085 
2085 2135 2088 
2123 2086 2136 
2086 2087 2137 
2137 2136 2086 
2138 2088 2135 
2138 2137 2087 
2088 2138 2087 
2089 2090 2139 
2134 2089 2139 
2091 2092 2140 
2140 2090 2091 
2090 2140 2139 
2092 2093 2141 
2141 2140 2092 
2093 2142 2141 
2143 2094 2095 
2143 2093 2094 
2142 2093 2143 
2144 2143 2095 
2097 2145 2096 
2096 2145 2095 
2144 2095 2145 
2097 2098 2146 
2097 2146 2145 
2098 2099 2147 
2147 2146 2098 
2099 2100 2148 
2148 2147 2099 
2100 2101 2149 
2149 2148 2100 
2101 2102 2150 
2150 2149 2101 
2102 2103 2151 
2151 2150 2102 
2103 2104 2152 
2152 2151 2103 
2153 2110 2105 
2105 2106 2153 
2154 2153 2106 
2106 2107 2154 
2155 2154 2107 
2107 2131 2155 
2108 2109 2156 
2156 2114 2108 
2157 2156 2109 
2109 2110 2157 
2158 2157 2110 
2110 2153 2158 
2159 2116 2111 
2111 2113 2159 
2112 2114 2160 
2113 2112 2160 
2113 2160 2159 
2114 2156 2161 
2161 2160 2114 
2162 2115 2116 
2119 2115 2162 
2163 2162 2116 
2116 2159 2163 
2119 2164 2118 
2164 2122 2117 
2117 2118 2164 
2119 2162 2165 
2165 2164 2119 
2166 2122 2164 
2168 2167 2120 
2120 2121 2168 
2166 2169 2122 
2121 2122 2169 
2169 2168 2121 
2170 2167 2168 
2136 2171 2123 
2124 2123 2171 
2171 2172 2124 
2125 2124 2172 
2172 2173 2125 
2126 2125 2173 
2173 2174 2126 
2128 2126 2174 
2175 2127 2130 
2133 2127 2175 
2174 2176 2128 
2129 2128 2176 
2176 2177 2129 
2130 2129 2177 
2177 2175 2130 
2133 2178 2132 
2155 2131 2178 
2131 2132 2178 
2133 2175 2179 
2133 2179 2178 
2180 2181 2139 
2134 2139 2181 
2134 2181 2135 
2135 2181 2182 
2135 2182 2138 
2184 2183 2171 
2184 2171 2136 
2136 2137 2185 
2185 2184 2136 
2138 2182 2186 
2186 2185 2137 
2137 2138 2186 
2140 2141 2187 
2187 2139 2140 
2180 2139 2187 
2188 2141 2142 
2141 2188 2187 
2142 2189 2188 
2190 2143 2144 
2190 2142 2143 
2189 2142 2190 
2191 2190 2144 
2192 2144 2145 
2191 2144 2192 
2193 2145 2146 
2193 2192 2145 
2146 2147 2194 
2194 2193 2146 
2147 2148 2195 
2195 2194 2147 
2148 2149 2196 
2196 2195 2148 
2149 2150 2197 
2197 2196 2149 
2150 2151 2198 
2198 2197 2150 
2151 2152 2199 
2199 2198 2151 
2200 2155 2178 
2201 2158 2153 
2153 2154 2201 
2200 2202 2155 
2202 2201 2154 
2154 2155 2202 
2156 2157 2203 
2203 2161 2156 
2204 2203 2157 
2157 2158 2204 
2205 2204 2158 
2158 2201 2205 
2159 2160 2206 
2206 2163 2159 
2207 2206 2160 
2160 2161 2207 
2208 2207 2161 
2161 2203 2208 
2209 2165 2162 
2162 2163 2209 
2163 2206 2210 
2210 2209 2163 
2164 2165 2211 
2211 2166 2164 
2212 2211 2165 
2165 2209 2212 
2166 2211 2213 
2169 2166 2213 
2170 2214 2167 
2213 2215 2169 
2168 2169 2215 
2170 2168 2215 
2170 2215 2216 
2170 2216 2214 
2183 2218 2171 
2172 2171 2218 
2218 2219 2172 
2173 2172 2219 
2219 2220 2173 
2174 2173 2220 
2220 2221 2174 
2176 2174 2221 
2175 2177 2222 
2222 2179 2175 
2221 2223 2176 
2177 2176 2223 
2223 2222 2177 
2179 2224 2178 
2200 2178 2224 
2179 2222 2225 
2224 2179 2225 
2180 2187 2226 
2180 2226 2181 
2226 2227 2181 
2227 2182 2181 
2227 2228 2182 
2186 2182 2228 
2230 2218 2183 
2230 2229 2218 
2184 2185 2231 
2183 2184 2231 
2183 2231 2230 
2228 2232 2186 
2232 2231 2185 
2185 2186 2232 
2233 2187 2188 
2226 2187 2233 
2234 2188 2189 
2233 2188 2234 
2189 2235 2234 
2191 2236 2190 
2190 2236 2189 
2236 2235 2189 
2191 2192 2237 
2191 2237 2236 
2192 2193 2238 
2192 2238 2237 
2193 2194 2239 
2239 2238 2193 
2194 2195 2240 
2240 2239 2194 
2195 2196 2241 
2241 2240 2195 
2196 2197 2242 
2242 2241 2196 
2197 2198 2243 
2243 2242 2197 
2198 2199 2244 
2244 2243 2198 
2200 2224 2245 
2200 2245 2202 
2245 2246 2202 
2205 2201 2246 
2201 2202 2246 
2247 2205 2246 
2248 2208 2203 
2203 2204 2248 
2247 2249 2205 
2249 2248 2204 
2204 2205 2249 
2250 2210 2206 
2206 2207 2250 
2251 2250 2207 
2207 2208 2251 
2252 2251 2208 
2208 2248 2252 
2209 2210 2253 
2253 2212 2209 
2254 2253 2210 
2210 2250 2254 
2255 2213 2211 
2211 2212 2255 
2212 2253 2256 
2256 2255 2212 
2213 2255 2257 
2257 2215 2213 
2258 2214 2216 
2217 2214 2258 
2259 2258 2216 
2259 2216 2260 
2260 2216 2215 
2215 2257 2260 
2217 2258 2261 
2229 2262 2218 
2219 2218 2262 
2262 2263 2219 
2220 2219 2263 
2263 2264 2220 
2221 2220 2264 
2264 2265 2221 
2223 2221 2265 
2265 2266 2223 
2222 2223 2266 
2266 2225 2222 
2225 2267 2224 
2245 2224 2267 
2225 2266 2268 
2267 2225 2268 
2226 2233 2269 
2226 2269 2227 
2269 2270 2227 
2228 2227 2270 
2270 2271 2228 
2232 2228 2271 
2272 2262 2229 
2272 2273 2262 
2230 2231 2274 
2229 2230 2274 
2229 2274 2272 
2271 2275 2232 
2275 2274 2231 
2231 2232 2275 
2234 2276 2233 
2269 2233 2276 
2235 2277 2234 
2276 2234 2277 
2278 2277 2235 
2236 2237 2279 
2278 2235 2279 
2235 2236 2279 
2237 2238 2280 
2237 2280 2279 
2238 2239 2281 
2281 2280 2238 
2239 2240 2282 
2282 2281 2239 
2240 2241 2283 
2283 2282 2240 
2241 2242 2284 
2284 2283 2241 
2242 2243 2285 
2285 2284 2242 
2243 2244 2286 
2286 2285 2243 
2245 2267 2287 
2287 2246 2245 
2288 2246 2287 
2247 2246 2288 
2247 2288 2289 
2247 2289 2249 
2289 2290 2249 
2252 2248 2290 
2248 2249 2290 
2291 2252 2290 
2292 2254 2250 
2250 2251 2292 
2291 2293 2252 
2293 2292 2251 
2251 2252 2293 
2294 2256 2253 
2253 2254 2294 
2295 2294 2254 
2254 2292 2295 
2255 2256 2296 
2296 2257 2255 
2297 2296 2256 
2256 2294 2297 
2257 2296 2298 
2298 2260 2257 
2258 2259 2299 
2299 2261 2258 
2300 2299 2259 
2259 2260 2300 
2301 2261 2299 
2260 2298 2302 
2302 2300 2260 
2301 2303 2261 
2273 2304 2262 
2263 2262 2304 
2304 2305 2263 
2264 2263 2305 
2305 2306 2264 
2265 2264 2306 
2306 2307 2265 
2266 2265 2307 
2307 2268 2266 
2267 2268 2308 
2308 2287 2267 
2268 2307 2309 
2309 2308 2268 
2310 2304 2273 
2310 2311 2304 
2276 2312 2269 
2270 2269 2312 
2312 2313 2270 
2271 2270 2313 
2313 2314 2271 
2275 2271 2314 
2272 2274 2315 
2273 2272 2315 
2273 2315 2310 
2314 2316 2275 
2316 2315 2274 
2274 2275 2316 
2277 2317 2276 
2312 2276 2317 
2278 2318 2277 
2277 2318 2317 
2278 2279 2319 
2278 2319 2318 
2320 2279 2280 
2319 2279 2320 
2280 2281 2321 
2321 2320 2280 
2281 2282 2322 
2322 2321 2281 
2282 2283 2323 
2323 2322 2282 
2283 2284 2324 
2324 2323 2283 
2284 2285 2325 
2325 2324 2284 
2285 2286 2326 
2326 2325 2285 
2287 2308 2327 
2288 2287 2327 
2288 2327 2328 
2289 2288 2328 
2289 2328 2329 
2329 2290 2289 
2330 2290 2329 
2291 2290 2330 
2291 2330 2331 
2291 2331 2293 
2331 2332 2293 
2295 2292 2332 
2292 2293 2332 
2333 2297 2294 
2294 2295 2333 
2334 2333 2295 
2334 2295 2332 
2335 2298 2296 
2296 2297 2335 
2336 2335 2297 
2336 2297 2333 
2337 2302 2298 
2298 2335 2337 
2300 2302 2338 
2299 2300 2338 
2301 2299 2338 
2338 2339 2301 
2301 2339 2303 
2340 2338 2302 
2302 2337 2340 
2339 2341 2303 
2311 2342 2304 
2305 2304 2342 
2342 2343 2305 
2306 2305 2343 
2343 2344 2306 
2307 2306 2344 
2344 2309 2307 
2308 2309 2345 
2345 2327 2308 
2309 2344 2346 
2346 2345 2309 
2348 2347 2342 
2348 2342 2311 
2310 2315 2349 
2311 2310 2349 
2311 2349 2348 
2317 2350 2312 
2313 2312 2350 
2350 2351 2313 
2314 2313 2351 
2351 2352 2314 
2316 2314 2352 
2352 2353 2316 
2353 2349 2315 
2315 2316 2353 
2354 2317 2318 
2350 2317 2354 
2355 2354 2318 
2356 2355 2318 
2356 2318 2319 
2319 2320 2357 
2356 2319 2357 
2320 2321 2358 
2358 2357 2320 
2321 2322 2359 
2359 2358 2321 
2322 2323 2360 
2360 2359 2322 
2323 2324 2361 
2361 2360 2323 
2324 2325 2362 
2362 2361 2324 
2325 2326 2363 
2363 2362 2325 
2327 2345 2364 
2364 2328 2327 
2328 2364 2365 
2365 2329 2328 
2329 2365 2366 
2366 2330 2329 
2330 2366 2367 
2331 2330 2367 
2331 2367 2368 
2368 2332 2331 
2368 2369 2332 
2334 2332 2369 
2334 2369 2370 
2336 2333 2370 
2334 2370 2333 
2371 2337 2335 
2335 2336 2371 
2372 2371 2336 
2372 2336 2370 
2373 2340 2337 
2337 2371 2373 
2374 2338 2340 
2339 2338 2374 
2374 2375 2339 
2341 2339 2375 
2376 2374 2340 
2376 2340 2373 
2375 2377 2341 
2347 2378 2342 
2343 2342 2378 
2378 2379 2343 
2344 2343 2379 
2379 2346 2344 
2381 2380 2378 
2381 2378 2347 
2345 2346 2382 
2382 2364 2345 
2346 2379 2383 
2383 2382 2346 
2348 2349 2384 
2347 2348 2384 
2347 2384 2381 
2385 2384 2349 
2349 2353 2385 
2354 2386 2350 
2351 2350 2386 
2386 2387 2351 
2352 2351 2387 
2387 2388 2352 
2388 2385 2353 
2353 2352 2388 
2355 2389 2354 
2389 2386 2354 
2390 2389 2355 
2356 2357 2391 
2390 2355 2391 
2356 2391 2355 
2357 2358 2392 
2357 2392 2391 
2358 2359 2393 
2393 2392 2358 
2359 2360 2394 
2394 2393 2359 
2360 2361 2395 
2395 2394 2360 
2361 2362 2396 
2396 2395 2361 
2362 2363 2397 
2397 2396 2362 
2364 2382 2398 
2398 2365 2364 
2365 2398 2399 
2399 2366 2365 
2366 2399 2400 
2400 2367 2366 
2367 2400 2401 
2401 2368 2367 
2368 2401 2402 
2402 2369 2368 
2369 2402 2403 
2403 2370 2369 
2370 2403 2404 
2372 2370 2404 
2372 2404 2405 
2405 2373 2371 
2372 2405 2371 
2406 2376 2373 
2406 2373 2405 
2375 2407 2377 
2374 2376 2407 
2375 2374 2407 
2408 2377 2407 
2376 2409 2407 
2406 2409 2376 
2410 2411 2408 
2408 2411 2377 
2380 2412 2378 
2379 2378 2412 
2412 2383 2379 
2413 2412 2380 
2381 2384 2414 
2380 2381 2414 
2380 2414 2413 
2382 2383 2415 
2415 2398 2382 
2383 2412 2416 
2416 2415 2383 
2417 2414 2384 
2384 2385 2417 
2418 2417 2385 
2385 2388 2418 
2389 2419 2386 
2387 2386 2419 
2419 2420 2387 
2420 2418 2388 
2388 2387 2420 
2390 2421 2389 
2389 2421 2419 
2390 2391 2422 
2390 2422 2421 
2392 2423 2391 
2422 2391 2423 
2392 2393 2424 
2424 2423 2392 
2393 2394 2425 
2425 2424 2393 
2394 2395 2426 
2426 2425 2394 
2395 2396 2427 
2427 2426 2395 
2396 2397 2428 
2428 2427 2396 
2398 2415 2429 
2429 2399 2398 
2399 2429 2430 
2430 2400 2399 
2400 2430 2431 
2431 2401 2400 
2401 2431 2432 
2432 2402 2401 
2402 2432 2433 
2433 2403 2402 
2403 2433 2434 
2434 2404 2403 
2404 2434 2435 
2435 2405 2404 
2406 2436 2409 
2436 2405 2435 
2406 2405 2436 
2437 2410 2408 
2407 2409 2437 
2408 2407 2437 
2409 2438 2437 
2409 2436 2438 
2410 2437 2439 
2440 2410 2439 
2440 2441 2410 
2410 2441 2411 
2442 2416 2412 
2413 2442 2412 
2413 2414 2443 
2443 2442 2413 
2444 2443 2414 
2414 2417 2444 
2415 2416 2445 
2445 2429 2415 
2416 2442 2446 
2446 2445 2416 
2447 2444 2417 
2417 2418 2447 
2448 2447 2418 
2418 2420 2448 
2421 2449 2419 
2449 2448 2420 
2420 2419 2449 
2421 2422 2450 
2421 2450 2449 
2422 2423 2451 
2451 2450 2422 
2423 2424 2452 
2452 2451 2423 
2424 2425 2453 
2453 2452 2424 
2425 2426 2454 
2454 2453 2425 
2426 2427 2455 
2455 2454 2426 
2427 2428 2456 
2456 2455 2427 
2429 2445 2457 
2457 2430 2429 
2430 2457 2458 
2458 2431 2430 
2431 2458 2459 
2459 2432 2431 
2432 2459 2460 
2460 2433 2432 
2433 2460 2461 
2461 2434 2433 
2434 2461 2462 
2462 2435 2434 
2435 2462 2463 
2436 2463 2438 
2463 2436 2435 
2439 2437 2464 
2464 2437 2438 
2465 2438 2463 
2438 2465 2464 
2440 2439 2466 
2439 2464 2466 
2466 2468 2440 
2440 2468 2441 
2442 2443 2469 
2469 2446 2442 
2470 2469 2443 
2443 2444 2470 
2471 2470 2444 
2444 2447 2471 
2445 2446 2472 
2472 2457 2445 
2446 2469 2473 
2473 2472 2446 
2474 2471 2447 
2447 2448 2474 
2449 2450 2475 
2474 2448 2475 
2448 2449 2475 
2450 2451 2476 
2476 2475 2450 
2451 2452 2477 
2477 2476 2451 
2452 2453 2478 
2478 2477 2452 
2453 2454 2479 
2479 2478 2453 
2454 2455 2480 
2480 2479 2454 
2455 2456 2481 
2481 2480 2455 
2457 2472 2482 
2482 2458 2457 
2458 2482 2483 
2483 2459 2458 
2459 2483 2484 
2484 2460 2459 
2460 2484 2485 
2485 2461 2460 
2461 2485 2486 
2486 2462 2461 
2462 2486 2487 
2487 2463 2462 
2463 2487 2465 
2467 2466 2488 
2464 2488 2466 
2488 2464 2465 
2465 2489 2488 
2489 2465 2487 
2467 2488 2490 
2467 2490 2491 
2467 2491 2466 
2468 2466 2491 
2469 2470 2492 
2492 2473 2469 
2470 2471 2493 
2493 2492 2470 
2494 2471 2474 
2494 2493 2471 
2472 2473 2495 
2495 2482 2472 
2473 2492 2496 
2496 2495 2473 
2497 2474 2475 
2497 2494 2474 
2498 2497 2475 
2498 2475 2476 
2499 2476 2477 
2498 2476 2499 
2477 2478 2500 
2500 2499 2477 
2478 2479 2501 
2501 2500 2478 
2479 2480 2502 
2502 2501 2479 
2480 2481 2503 
2503 2502 2480 
2482 2495 2504 
2504 2483 2482 
2483 2504 2505 
2505 2484 2483 
2484 2505 2506 
2506 2485 2484 
2485 2506 2507 
2507 2486 2485 
2486 2507 2508 
2487 2508 2489 
2508 2487 2486 
2509 2489 2508 
2510 2488 2489 
2490 2488 2510 
2510 2489 2511 
2511 2489 2509 
2490 2510 2512 
2490 2512 2491 
2513 2494 2497 
2492 2493 2514 
2514 2496 2492 
2513 2515 2494 
2494 2515 2493 
2514 2493 2515 
2495 2496 2516 
2516 2504 2495 
2517 2496 2514 
2517 2516 2496 
2498 2499 2518 
2498 2518 2497 
2513 2497 2518 
2499 2500 2519 
2499 2519 2518 
2500 2501 2520 
2520 2519 2500 
2501 2502 2521 
2521 2520 2501 
2502 2503 2522 
2522 2521 2502 
2504 2516 2523 
2523 2505 2504 
2505 2523 2524 
2524 2506 2505 
2506 2524 2525 
2525 2507 2506 
2507 2525 2526 
2526 2508 2507 
2509 2508 2526 
2509 2526 2527 
2511 2509 2527 
2511 2527 2528 
2512 2510 2528 
2511 2528 2510 
2513 2518 2529 
2513 2529 2515 
2530 2514 2515 
2530 2517 2514 
2531 2515 2529 
2531 2530 2515 
2516 2517 2532 
2523 2516 2532 
2533 2517 2530 
2533 2532 2517 
2534 2518 2519 
2529 2518 2534 
2535 2519 2520 
2519 2535 2534 
2520 2521 2536 
2536 2535 2520 
2521 2522 2537 
2537 2536 2521 
2523 2532 2538 
2538 2524 2523 
2539 2524 2538 
2539 2525 2524 
2539 2540 2525 
2525 2540 2526 
2527 2526 2541 
2541 2526 2540 
2527 2541 2542 
2527 2542 2528 
2529 2534 2543 
2531 2529 2543 
2544 2538 2532 
2531 2543 2545 
2531 2545 2530 
2533 2530 2545 
2533 2545 2546 
2544 2532 2546 
2533 2546 2532 
2535 2547 2534 
2547 2543 2534 
2535 2536 2548 
2548 2547 2535 
2536 2537 2549 
2549 2548 2536 
2544 2550 2538 
2539 2538 2550 
2539 2550 2540 
2540 2551 2541 
2540 2550 2551 
2541 2552 2542 
2552 2541 2551 
2543 2547 2553 
2543 2553 2545 
2544 2546 2554 
2544 2554 2550 
2553 2555 2545 
2546 2555 2554 
2546 2545 2555 
2547 2548 2556 
2556 2553 2547 
2548 2549 2557 
2557 2556 2548 
2554 2558 2550 
2558 2551 2550 
2551 2559 2552 
2559 2551 2558 
2553 2556 2560 
2555 2553 2560 
2555 2560 2561 
2561 2554 2555 
2554 2561 2558 
2556 2557 2562 
2562 2560 2556 
2563 2558 2561 
2558 2563 2559 
2560 2562 2564 
2564 2561 2560 
2561 2564 2563